10.160.4.96,,
05-15-2018 19:00:00.0,173,2
05-15-2018 19:00:00.0,174,128
05-15-2018 19:00:00.0,175,0
05-15-2018 19:00:00.0,177,1
05-15-2018 19:00:00.0,177,2
05-15-2018 19:00:00.0,177,3
05-15-2018 19:00:00.0,177,4
05-15-2018 19:00:00.0,177,5
05-15-2018 19:00:00.0,177,6
05-15-2018 19:00:00.0,177,7
05-15-2018 19:00:00.0,177,8
05-15-2018 19:00:00.0,131,64
05-15-2018 19:00:00.0,132,120
05-15-2018 19:00:00.0,133,55
05-15-2018 19:00:00.0,134,15
05-15-2018 19:00:00.0,135,60
05-15-2018 19:00:00.0,136,20
05-15-2018 19:00:00.0,137,20
05-15-2018 19:00:00.0,138,20
05-15-2018 19:00:00.0,139,55
05-15-2018 19:00:00.0,140,0
05-15-2018 19:00:00.0,141,40
05-15-2018 19:00:00.0,142,0
05-15-2018 19:00:00.0,143,0
05-15-2018 19:00:00.0,144,0
05-15-2018 19:00:00.0,145,0
05-15-2018 19:00:00.0,146,0
05-15-2018 19:00:00.0,147,0
05-15-2018 19:00:00.0,148,0
05-15-2018 19:00:00.0,149,0
05-15-2018 19:00:00.7,3,3
05-15-2018 19:00:02.7,3,8
05-15-2018 19:00:03.1,81,8
05-15-2018 19:00:03.1,44,8
05-15-2018 19:00:03.3,81,3
05-15-2018 19:00:03.3,44,3
05-15-2018 19:00:03.6,82,3
05-15-2018 19:00:03.6,43,3
05-15-2018 19:00:04.1,82,10
05-15-2018 19:00:04.3,82,9
05-15-2018 19:00:04.5,81,10
05-15-2018 19:00:04.9,81,9
05-15-2018 19:00:05.2,46,3
05-15-2018 19:00:05.9,4,8
05-15-2018 19:00:06.0,81,3
05-15-2018 19:00:06.0,44,3
05-15-2018 19:00:07.4,82,3
05-15-2018 19:00:07.4,43,3
05-15-2018 19:00:09.5,81,3
05-15-2018 19:00:09.5,44,3
05-15-2018 19:00:12.3,7,3
05-15-2018 19:00:12.3,8,3
05-15-2018 19:00:12.3,4,3
05-15-2018 19:00:14.7,6,3
05-15-2018 19:00:14.9,82,8
05-15-2018 19:00:14.9,43,8
05-15-2018 19:00:15.3,9,3
05-15-2018 19:00:15.3,10,3
05-15-2018 19:00:16.3,12,3
05-15-2018 19:00:16.3,11,3
05-15-2018 19:00:16.3,0,4
05-15-2018 19:00:16.3,1,4
05-15-2018 19:00:16.4,48,4
05-15-2018 19:00:16.5,81,8
05-15-2018 19:00:16.5,44,8
05-15-2018 19:00:18.6,82,8
05-15-2018 19:00:18.6,43,8
05-15-2018 19:00:20.1,81,8
05-15-2018 19:00:20.1,44,8
05-15-2018 19:00:22.3,3,4
05-15-2018 19:00:22.9,4,8
05-15-2018 19:00:25.6,46,8
05-15-2018 19:00:25.7,46,4
05-15-2018 19:00:26.0,82,12
05-15-2018 19:00:26.6,81,12
05-15-2018 19:00:28.4,81,4
05-15-2018 19:00:28.4,44,4
05-15-2018 19:00:30.4,82,9
05-15-2018 19:00:31.0,81,9
05-15-2018 19:00:31.5,82,10
05-15-2018 19:00:32.2,7,4
05-15-2018 19:00:32.2,7,8
05-15-2018 19:00:32.2,8,4
05-15-2018 19:00:32.2,8,8
05-15-2018 19:00:32.2,4,4
05-15-2018 19:00:33.8,6,4
05-15-2018 19:00:34.2,82,9
05-15-2018 19:00:34.5,81,10
05-15-2018 19:00:34.8,81,9
05-15-2018 19:00:35.1,82,10
05-15-2018 19:00:35.2,82,6
05-15-2018 19:00:35.5,81,10
05-15-2018 19:00:35.7,9,4
05-15-2018 19:00:35.7,9,8
05-15-2018 19:00:35.7,10,4
05-15-2018 19:00:35.7,10,8
05-15-2018 19:00:35.8,82,9
05-15-2018 19:00:36.2,6,8
05-15-2018 19:00:36.4,81,9
05-15-2018 19:00:36.7,12,4
05-15-2018 19:00:36.7,12,8
05-15-2018 19:00:36.7,11,4
05-15-2018 19:00:36.7,11,8
05-15-2018 19:00:36.7,0,2
05-15-2018 19:00:36.7,0,5
05-15-2018 19:00:36.7,1,2
05-15-2018 19:00:36.7,1,5
05-15-2018 19:00:36.7,61,3
05-15-2018 19:00:36.7,31,1
05-15-2018 19:00:36.8,48,1
05-15-2018 19:00:36.8,48,5
05-15-2018 19:00:36.8,64,1
05-15-2018 19:00:36.9,4,2
05-15-2018 19:00:38.8,61,1
05-15-2018 19:00:38.8,32,1
05-15-2018 19:00:40.7,3,5
05-15-2018 19:00:41.2,81,5
05-15-2018 19:00:41.2,44,5
05-15-2018 19:00:41.2,46,1
05-15-2018 19:00:41.3,82,9
05-15-2018 19:00:42.0,81,9
05-15-2018 19:00:43.0,7,5
05-15-2018 19:00:43.0,8,5
05-15-2018 19:00:43.0,4,5
05-15-2018 19:00:43.0,63,3
05-15-2018 19:00:43.3,82,9
05-15-2018 19:00:44.1,81,9
05-15-2018 19:00:45.8,82,4
05-15-2018 19:00:46.0,9,5
05-15-2018 19:00:46.0,10,5
05-15-2018 19:00:46.0,65,3
05-15-2018 19:00:46.2,46,5
05-15-2018 19:00:47.0,12,5
05-15-2018 19:00:47.0,11,5
05-15-2018 19:00:47.0,0,6
05-15-2018 19:00:47.0,1,6
05-15-2018 19:00:47.1,64,3
05-15-2018 19:00:47.3,81,4
05-15-2018 19:00:47.9,82,11
05-15-2018 19:00:48.3,81,11
05-15-2018 19:00:49.1,61,3
05-15-2018 19:00:49.1,32,5
05-15-2018 19:00:50.9,82,10
05-15-2018 19:00:51.6,81,10
05-15-2018 19:00:52.0,81,6
05-15-2018 19:00:52.5,82,3
05-15-2018 19:00:52.5,2,3
05-15-2018 19:00:52.5,43,3
05-15-2018 19:00:54.9,82,6
05-15-2018 19:00:55.8,81,6
05-15-2018 19:00:56.7,3,2
05-15-2018 19:00:56.8,150,5
05-15-2018 19:00:56.8,48,2
05-15-2018 19:00:56.8,48,6
05-15-2018 19:00:56.9,150,1
05-15-2018 19:00:58.4,82,12
05-15-2018 19:00:58.8,81,12
05-15-2018 19:01:00.6,4,6
05-15-2018 19:01:01.9,82,12
05-15-2018 19:01:02.0,82,5
05-15-2018 19:01:02.4,81,12
05-15-2018 19:01:04.0,82,6
05-15-2018 19:01:04.9,81,6
05-15-2018 19:01:07.0,82,12
05-15-2018 19:01:07.0,3,6
05-15-2018 19:01:07.3,81,12
05-15-2018 19:01:07.6,82,6
05-15-2018 19:01:08.4,81,6
05-15-2018 19:01:08.4,82,11
05-15-2018 19:01:08.6,81,11
05-15-2018 19:01:11.4,82,10
05-15-2018 19:01:12.0,82,6
05-15-2018 19:01:12.6,81,6
05-15-2018 19:01:13.3,82,6
05-15-2018 19:01:14.0,81,6
05-15-2018 19:01:15.0,82,12
05-15-2018 19:01:15.3,81,12
05-15-2018 19:01:15.9,82,9
05-15-2018 19:01:16.0,81,10
05-15-2018 19:01:16.3,81,9
05-15-2018 19:01:16.3,82,8
05-15-2018 19:01:16.3,2,8
05-15-2018 19:01:16.3,43,8
05-15-2018 19:01:16.7,82,11
05-15-2018 19:01:17.0,81,11
05-15-2018 19:01:18.7,82,11
05-15-2018 19:01:18.8,81,8
05-15-2018 19:01:18.8,44,8
05-15-2018 19:01:19.1,81,11
05-15-2018 19:01:19.5,82,12
05-15-2018 19:01:19.6,82,6
05-15-2018 19:01:19.8,81,12
05-15-2018 19:01:20.2,81,6
05-15-2018 19:01:20.4,82,9
05-15-2018 19:01:20.4,82,11
05-15-2018 19:01:20.7,81,9
05-15-2018 19:01:21.0,81,11
05-15-2018 19:01:22.0,82,11
05-15-2018 19:01:22.6,81,11
05-15-2018 19:01:22.9,82,11
05-15-2018 19:01:23.2,81,11
05-15-2018 19:01:23.5,82,6
05-15-2018 19:01:24.4,81,6
05-15-2018 19:01:24.7,82,6
05-15-2018 19:01:26.5,81,6
05-15-2018 19:01:27.4,82,9
05-15-2018 19:01:27.7,81,9
05-15-2018 19:01:27.7,82,6
05-15-2018 19:01:28.6,81,6
05-15-2018 19:01:28.9,82,6
05-15-2018 19:01:29.9,81,6
05-15-2018 19:01:30.7,82,1
05-15-2018 19:01:31.8,82,11
05-15-2018 19:01:32.3,81,11
05-15-2018 19:01:34.7,82,11
05-15-2018 19:01:35.1,81,11
05-15-2018 19:01:37.6,82,6
05-15-2018 19:01:38.5,81,6
05-15-2018 19:01:38.5,82,11
05-15-2018 19:01:38.7,81,1
05-15-2018 19:01:38.8,81,11
05-15-2018 19:01:40.4,82,6
05-15-2018 19:01:40.6,4,2
05-15-2018 19:01:41.1,81,6
05-15-2018 19:01:42.0,82,8
05-15-2018 19:01:42.0,2,8
05-15-2018 19:01:42.0,43,8
05-15-2018 19:01:43.6,81,5
05-15-2018 19:01:45.3,82,1
05-15-2018 19:01:45.7,42,6
05-15-2018 19:01:45.7,46,6
05-15-2018 19:01:46.7,81,1
05-15-2018 19:01:48.4,4,6
05-15-2018 19:01:48.6,4,2
05-15-2018 19:01:48.7,82,4
05-15-2018 19:01:50.5,81,4
05-15-2018 19:01:50.7,151,3
05-15-2018 19:01:50.7,151,8
05-15-2018 19:01:50.7,7,2
05-15-2018 19:01:50.7,7,6
05-15-2018 19:01:50.7,8,2
05-15-2018 19:01:50.7,8,6
05-15-2018 19:01:50.7,42,2
05-15-2018 19:01:50.7,47,3
05-15-2018 19:01:50.7,47,6
05-15-2018 19:01:50.7,47,8
05-15-2018 19:01:50.7,49,3
05-15-2018 19:01:50.7,49,8
05-15-2018 19:01:50.7,63,1
05-15-2018 19:01:50.7,63,3
05-15-2018 19:01:50.7,33,1
05-15-2018 19:01:50.7,33,5
05-15-2018 19:01:50.8,151,1
05-15-2018 19:01:50.8,151,4
05-15-2018 19:01:50.8,151,5
05-15-2018 19:01:50.8,151,7
05-15-2018 19:01:50.8,2,2
05-15-2018 19:01:50.8,2,6
05-15-2018 19:01:50.8,47,1
05-15-2018 19:01:50.8,47,4
05-15-2018 19:01:50.8,47,5
05-15-2018 19:01:50.8,49,1
05-15-2018 19:01:50.8,49,4
05-15-2018 19:01:50.8,49,5
05-15-2018 19:01:55.7,9,2
05-15-2018 19:01:55.7,9,6
05-15-2018 19:01:55.7,10,2
05-15-2018 19:01:55.7,10,6
05-15-2018 19:01:55.7,65,1
05-15-2018 19:01:55.7,65,3
05-15-2018 19:01:55.8,82,9
05-15-2018 19:01:56.4,81,9
05-15-2018 19:01:56.7,12,2
05-15-2018 19:01:56.7,12,6
05-15-2018 19:01:56.7,11,2
05-15-2018 19:01:56.7,11,6
05-15-2018 19:01:56.7,0,3
05-15-2018 19:01:56.7,0,8
05-15-2018 19:01:56.7,1,3
05-15-2018 19:01:56.7,1,8
05-15-2018 19:01:56.7,31,1
05-15-2018 19:01:56.8,49,2
05-15-2018 19:01:56.8,49,6
05-15-2018 19:01:56.8,48,3
05-15-2018 19:01:56.8,48,8
05-15-2018 19:01:56.8,41,2
05-15-2018 19:01:56.8,41,6
05-15-2018 19:01:59.7,82,12
05-15-2018 19:02:00.0,81,12
05-15-2018 19:02:00.7,3,3
05-15-2018 19:02:02.6,81,3
05-15-2018 19:02:02.6,81,8
05-15-2018 19:02:02.6,44,3
05-15-2018 19:02:02.6,44,8
05-15-2018 19:02:02.7,3,8
05-15-2018 19:02:04.1,82,8
05-15-2018 19:02:04.1,43,8
05-15-2018 19:02:05.2,46,3
05-15-2018 19:02:05.4,4,3
05-15-2018 19:02:05.7,81,8
05-15-2018 19:02:05.7,44,8
05-15-2018 19:02:07.9,82,8
05-15-2018 19:02:07.9,43,8
05-15-2018 19:02:08.3,82,6
05-15-2018 19:02:11.1,82,3
05-15-2018 19:02:11.1,43,3
05-15-2018 19:02:11.6,81,8
05-15-2018 19:02:11.6,44,8
05-15-2018 19:02:12.8,81,3
05-15-2018 19:02:12.8,44,3
05-15-2018 19:02:14.0,82,9
05-15-2018 19:02:14.4,81,9
05-15-2018 19:02:14.4,4,8
05-15-2018 19:02:14.7,7,3
05-15-2018 19:02:14.7,7,8
05-15-2018 19:02:14.7,8,3
05-15-2018 19:02:14.7,8,8
05-15-2018 19:02:14.7,6,3
05-15-2018 19:02:14.8,82,10
05-15-2018 19:02:15.1,81,10
05-15-2018 19:02:16.1,82,3
05-15-2018 19:02:16.1,2,3
05-15-2018 19:02:16.1,43,3
05-15-2018 19:02:16.2,82,9
05-15-2018 19:02:16.4,81,9
05-15-2018 19:02:17.5,81,3
05-15-2018 19:02:17.5,44,3
05-15-2018 19:02:17.7,9,3
05-15-2018 19:02:17.7,10,3
05-15-2018 19:02:18.2,9,8
05-15-2018 19:02:18.2,10,8
05-15-2018 19:02:18.3,82,4
05-15-2018 19:02:18.7,11,3
05-15-2018 19:02:19.2,12,3
05-15-2018 19:02:19.2,12,8
05-15-2018 19:02:19.2,11,8
05-15-2018 19:02:19.2,0,2
05-15-2018 19:02:19.2,0,6
05-15-2018 19:02:19.2,1,2
05-15-2018 19:02:19.2,1,6
05-15-2018 19:02:19.2,31,1
05-15-2018 19:02:19.3,48,4
05-15-2018 19:02:19.3,64,1
05-15-2018 19:02:19.3,64,3
05-15-2018 19:02:19.4,4,2
05-15-2018 19:02:19.8,82,9
05-15-2018 19:02:20.4,81,9
05-15-2018 19:02:21.3,82,10
05-15-2018 19:02:21.3,61,1
05-15-2018 19:02:21.3,61,3
05-15-2018 19:02:21.3,32,1
05-15-2018 19:02:21.3,32,5
05-15-2018 19:02:21.9,81,10
05-15-2018 19:02:23.9,82,9
05-15-2018 19:02:24.4,81,9
05-15-2018 19:02:25.2,81,6
05-15-2018 19:02:25.6,46,8
05-15-2018 19:02:26.0,82,10
05-15-2018 19:02:26.1,46,4
05-15-2018 19:02:26.3,2,4
05-15-2018 19:02:26.3,43,4
05-15-2018 19:02:26.5,81,10
05-15-2018 19:02:26.7,82,11
05-15-2018 19:02:27.0,81,11
05-15-2018 19:02:28.0,82,12
05-15-2018 19:02:28.3,81,12
05-15-2018 19:02:28.4,82,11
05-15-2018 19:02:28.8,81,11
05-15-2018 19:02:30.0,4,6
05-15-2018 19:02:30.1,82,9
05-15-2018 19:02:30.4,81,9
05-15-2018 19:02:31.1,82,5
05-15-2018 19:02:32.3,82,11
05-15-2018 19:02:33.0,81,11
05-15-2018 19:02:33.3,82,6
05-15-2018 19:02:34.1,81,6
05-15-2018 19:02:34.8,82,6
05-15-2018 19:02:35.8,82,11
05-15-2018 19:02:36.0,81,11
05-15-2018 19:02:36.3,81,6
05-15-2018 19:02:38.3,48,1
05-15-2018 19:02:38.3,48,5
05-15-2018 19:02:39.2,3,2
05-15-2018 19:02:39.2,3,6
05-15-2018 19:02:39.4,82,6
05-15-2018 19:02:40.3,81,6
05-15-2018 19:02:43.0,46,1
05-15-2018 19:02:43.9,82,1
05-15-2018 19:02:46.0,81,1
05-15-2018 19:02:46.3,81,5
05-15-2018 19:02:48.0,46,5
05-15-2018 19:02:49.2,82,11
05-15-2018 19:02:49.4,81,11
05-15-2018 19:02:49.7,4,2
05-15-2018 19:02:51.1,4,6
05-15-2018 19:02:53.9,82,6
05-15-2018 19:02:54.5,81,6
05-15-2018 19:02:56.7,150,5
05-15-2018 19:02:56.7,48,2
05-15-2018 19:02:56.7,48,6
05-15-2018 19:02:56.8,150,1
05-15-2018 19:02:59.3,4,6
05-15-2018 19:03:01.0,82,11
05-15-2018 19:03:01.3,81,11
05-15-2018 19:03:03.4,82,12
05-15-2018 19:03:03.7,82,11
05-15-2018 19:03:04.1,81,12
05-15-2018 19:03:04.3,81,11
05-15-2018 19:03:05.0,82,12
05-15-2018 19:03:05.3,81,12
05-15-2018 19:03:06.4,82,6
05-15-2018 19:03:07.1,81,6
05-15-2018 19:03:07.5,82,10
05-15-2018 19:03:07.7,81,10
05-15-2018 19:03:08.1,82,11
05-15-2018 19:03:08.4,81,11
05-15-2018 19:03:09.4,82,6
05-15-2018 19:03:09.4,82,12
05-15-2018 19:03:09.6,81,12
05-15-2018 19:03:10.2,81,6
05-15-2018 19:03:10.4,82,6
05-15-2018 19:03:10.5,82,12
05-15-2018 19:03:10.6,81,12
05-15-2018 19:03:11.4,81,6
05-15-2018 19:03:11.8,82,6
05-15-2018 19:03:12.7,82,8
05-15-2018 19:03:12.7,2,8
05-15-2018 19:03:12.7,43,8
05-15-2018 19:03:12.9,81,6
05-15-2018 19:03:13.0,82,6
05-15-2018 19:03:13.5,82,9
05-15-2018 19:03:13.6,81,6
05-15-2018 19:03:13.7,81,9
05-15-2018 19:03:14.7,82,6
05-15-2018 19:03:15.5,81,6
05-15-2018 19:03:16.1,82,6
05-15-2018 19:03:16.9,81,6
05-15-2018 19:03:18.0,82,9
05-15-2018 19:03:18.5,81,9
05-15-2018 19:03:18.5,82,11
05-15-2018 19:03:18.9,81,11
05-15-2018 19:03:19.4,82,10
05-15-2018 19:03:19.8,81,10
05-15-2018 19:03:20.1,82,9
05-15-2018 19:03:20.5,81,9
05-15-2018 19:03:20.7,82,10
05-15-2018 19:03:20.9,82,11
05-15-2018 19:03:21.1,81,11
05-15-2018 19:03:21.2,81,10
05-15-2018 19:03:21.7,4,6
05-15-2018 19:03:22.1,82,11
05-15-2018 19:03:22.2,82,9
05-15-2018 19:03:22.5,81,9
05-15-2018 19:03:22.8,81,11
05-15-2018 19:03:23.9,82,6
05-15-2018 19:03:24.6,81,6
05-15-2018 19:03:24.6,82,10
05-15-2018 19:03:24.9,81,10
05-15-2018 19:03:25.0,82,12
05-15-2018 19:03:25.4,81,12
05-15-2018 19:03:25.8,82,11
05-15-2018 19:03:26.2,81,11
05-15-2018 19:03:26.3,82,3
05-15-2018 19:03:26.3,2,3
05-15-2018 19:03:26.3,43,3
05-15-2018 19:03:26.4,82,9
05-15-2018 19:03:26.5,82,6
05-15-2018 19:03:26.6,81,9
05-15-2018 19:03:26.8,82,11
05-15-2018 19:03:27.2,81,11
05-15-2018 19:03:27.3,81,6
05-15-2018 19:03:27.8,82,12
05-15-2018 19:03:28.1,81,12
05-15-2018 19:03:30.0,82,1
05-15-2018 19:03:30.2,82,5
05-15-2018 19:03:30.4,82,6
05-15-2018 19:03:30.4,82,10
05-15-2018 19:03:30.7,81,10
05-15-2018 19:03:31.1,81,6
05-15-2018 19:03:31.1,82,9
05-15-2018 19:03:31.4,81,9
05-15-2018 19:03:31.6,82,6
05-15-2018 19:03:32.3,81,6
05-15-2018 19:03:32.5,82,6
05-15-2018 19:03:32.7,82,10
05-15-2018 19:03:33.0,81,10
05-15-2018 19:03:33.3,81,6
05-15-2018 19:03:33.5,81,5
05-15-2018 19:03:33.8,82,6
05-15-2018 19:03:34.6,81,6
05-15-2018 19:03:34.8,82,10
05-15-2018 19:03:35.2,81,10
05-15-2018 19:03:39.3,81,1
05-15-2018 19:03:39.4,4,6
05-15-2018 19:03:41.2,4,2
05-15-2018 19:03:45.7,42,6
05-15-2018 19:03:45.7,46,6
05-15-2018 19:03:50.5,81,8
05-15-2018 19:03:50.5,44,8
05-15-2018 19:03:50.7,151,3
05-15-2018 19:03:50.7,151,8
05-15-2018 19:03:50.7,7,2
05-15-2018 19:03:50.7,7,6
05-15-2018 19:03:50.7,8,2
05-15-2018 19:03:50.7,8,6
05-15-2018 19:03:50.7,42,2
05-15-2018 19:03:50.7,47,3
05-15-2018 19:03:50.7,47,6
05-15-2018 19:03:50.7,47,8
05-15-2018 19:03:50.7,49,3
05-15-2018 19:03:50.7,49,8
05-15-2018 19:03:50.7,63,1
05-15-2018 19:03:50.7,63,3
05-15-2018 19:03:50.7,33,1
05-15-2018 19:03:50.7,33,5
05-15-2018 19:03:50.8,151,1
05-15-2018 19:03:50.8,151,4
05-15-2018 19:03:50.8,151,5
05-15-2018 19:03:50.8,151,7
05-15-2018 19:03:50.8,2,2
05-15-2018 19:03:50.8,2,6
05-15-2018 19:03:50.8,47,1
05-15-2018 19:03:50.8,47,4
05-15-2018 19:03:50.8,47,5
05-15-2018 19:03:50.8,49,1
05-15-2018 19:03:50.8,49,4
05-15-2018 19:03:50.8,49,5
05-15-2018 19:03:52.1,82,12
05-15-2018 19:03:52.5,81,12
05-15-2018 19:03:55.7,9,2
05-15-2018 19:03:55.7,9,6
05-15-2018 19:03:55.7,10,2
05-15-2018 19:03:55.7,10,6
05-15-2018 19:03:55.7,65,1
05-15-2018 19:03:55.7,65,3
05-15-2018 19:03:56.7,12,2
05-15-2018 19:03:56.7,12,6
05-15-2018 19:03:56.7,11,2
05-15-2018 19:03:56.7,11,6
05-15-2018 19:03:56.7,0,3
05-15-2018 19:03:56.7,0,8
05-15-2018 19:03:56.7,1,3
05-15-2018 19:03:56.7,1,8
05-15-2018 19:03:56.7,31,1
05-15-2018 19:03:56.8,4,8
05-15-2018 19:03:56.8,49,2
05-15-2018 19:03:56.8,49,6
05-15-2018 19:03:56.8,48,3
05-15-2018 19:03:56.8,48,8
05-15-2018 19:03:56.8,41,2
05-15-2018 19:03:56.8,41,6
05-15-2018 19:03:58.5,82,9
05-15-2018 19:03:59.0,81,9
05-15-2018 19:04:00.7,3,3
05-15-2018 19:04:00.8,81,3
05-15-2018 19:04:00.8,82,11
05-15-2018 19:04:00.8,44,3
05-15-2018 19:04:01.1,81,11
05-15-2018 19:04:02.7,3,8
05-15-2018 19:04:03.0,82,6
05-15-2018 19:04:03.6,7,3
05-15-2018 19:04:03.6,8,3
05-15-2018 19:04:03.6,4,3
05-15-2018 19:04:04.8,82,12
05-15-2018 19:04:05.2,81,12
05-15-2018 19:04:05.2,46,3
05-15-2018 19:04:06.6,9,3
05-15-2018 19:04:06.6,10,3
05-15-2018 19:04:07.6,12,3
05-15-2018 19:04:07.6,11,3
05-15-2018 19:04:07.6,0,4
05-15-2018 19:04:07.6,1,4
05-15-2018 19:04:13.6,3,4
05-15-2018 19:04:14.5,48,4
05-15-2018 19:04:16.8,81,4
05-15-2018 19:04:16.8,44,4
05-15-2018 19:04:17.5,82,4
05-15-2018 19:04:17.5,43,4
05-15-2018 19:04:20.3,81,4
05-15-2018 19:04:20.3,44,4
05-15-2018 19:04:22.9,82,4
05-15-2018 19:04:22.9,43,4
05-15-2018 19:04:25.0,7,4
05-15-2018 19:04:25.0,7,8
05-15-2018 19:04:25.0,8,4
05-15-2018 19:04:25.0,8,8
05-15-2018 19:04:25.0,6,4
05-15-2018 19:04:25.1,2,4
05-15-2018 19:04:25.6,46,8
05-15-2018 19:04:25.7,46,4
05-15-2018 19:04:26.5,81,4
05-15-2018 19:04:26.5,44,4
05-15-2018 19:04:27.9,82,10
05-15-2018 19:04:28.2,81,10
05-15-2018 19:04:28.5,9,4
05-15-2018 19:04:28.5,9,8
05-15-2018 19:04:28.5,10,4
05-15-2018 19:04:28.5,10,8
05-15-2018 19:04:28.7,82,11
05-15-2018 19:04:29.0,81,11
05-15-2018 19:04:29.5,12,4
05-15-2018 19:04:29.5,12,8
05-15-2018 19:04:29.5,11,4
05-15-2018 19:04:29.5,11,8
05-15-2018 19:04:29.5,0,2
05-15-2018 19:04:29.5,0,6
05-15-2018 19:04:29.5,1,2
05-15-2018 19:04:29.5,1,6
05-15-2018 19:04:29.5,31,1
05-15-2018 19:04:29.6,64,1
05-15-2018 19:04:29.6,64,3
05-15-2018 19:04:29.7,4,2
05-15-2018 19:04:30.8,82,10
05-15-2018 19:04:31.1,81,10
05-15-2018 19:04:31.6,61,1
05-15-2018 19:04:31.6,61,3
05-15-2018 19:04:31.6,32,1
05-15-2018 19:04:31.6,32,5
05-15-2018 19:04:32.3,82,9
05-15-2018 19:04:32.7,81,9
05-15-2018 19:04:32.8,82,10
05-15-2018 19:04:33.1,81,10
05-15-2018 19:04:36.3,82,1
05-15-2018 19:04:36.4,48,1
05-15-2018 19:04:36.4,48,5
05-15-2018 19:04:36.9,81,6
05-15-2018 19:04:39.3,81,1
05-15-2018 19:04:41.1,46,1
05-15-2018 19:04:41.7,82,8
05-15-2018 19:04:41.7,2,8
05-15-2018 19:04:41.7,4,6
05-15-2018 19:04:41.7,43,8
05-15-2018 19:04:43.2,4,2
05-15-2018 19:04:44.6,82,10
05-15-2018 19:04:45.4,81,10
05-15-2018 19:04:46.1,46,5
05-15-2018 19:04:49.5,3,2
05-15-2018 19:04:49.5,3,6
05-15-2018 19:04:50.3,82,9
05-15-2018 19:04:50.7,81,9
05-15-2018 19:04:51.8,82,12
05-15-2018 19:04:52.1,81,12
05-15-2018 19:04:52.7,82,5
05-15-2018 19:04:56.7,150,5
05-15-2018 19:04:56.7,48,2
05-15-2018 19:04:56.7,48,6
05-15-2018 19:04:56.8,150,1
05-15-2018 19:04:58.2,82,6
05-15-2018 19:04:58.8,82,11
05-15-2018 19:04:59.0,81,6
05-15-2018 19:04:59.1,81,11
05-15-2018 19:04:59.5,81,5
05-15-2018 19:04:59.5,81,8
05-15-2018 19:04:59.5,44,8
05-15-2018 19:05:02.8,82,4
05-15-2018 19:05:04.0,81,4
05-15-2018 19:05:04.3,4,6
05-15-2018 19:05:05.1,82,1
05-15-2018 19:05:06.2,82,9
05-15-2018 19:05:06.3,81,1
05-15-2018 19:05:06.5,81,9
05-15-2018 19:05:10.2,4,2
05-15-2018 19:05:11.0,82,4
05-15-2018 19:05:11.5,82,8
05-15-2018 19:05:11.5,82,9
05-15-2018 19:05:11.5,2,8
05-15-2018 19:05:11.5,43,8
05-15-2018 19:05:12.0,81,9
05-15-2018 19:05:19.0,2,4
05-15-2018 19:05:19.0,43,4
05-15-2018 19:05:20.3,82,10
05-15-2018 19:05:20.6,81,10
05-15-2018 19:05:22.8,82,12
05-15-2018 19:05:23.0,81,12
05-15-2018 19:05:23.5,82,9
05-15-2018 19:05:23.7,81,9
05-15-2018 19:05:26.2,82,10
05-15-2018 19:05:26.5,81,10
05-15-2018 19:05:27.2,82,12
05-15-2018 19:05:27.4,82,6
05-15-2018 19:05:27.5,81,12
05-15-2018 19:05:28.0,81,6
05-15-2018 19:05:28.3,82,12
05-15-2018 19:05:28.5,82,5
05-15-2018 19:05:28.6,81,12
05-15-2018 19:05:28.9,82,11
05-15-2018 19:05:29.1,82,12
05-15-2018 19:05:29.2,81,11
05-15-2018 19:05:29.4,81,12
05-15-2018 19:05:30.0,82,11
05-15-2018 19:05:30.4,81,11
05-15-2018 19:05:32.2,82,10
05-15-2018 19:05:32.3,82,6
05-15-2018 19:05:32.4,82,12
05-15-2018 19:05:32.5,81,10
05-15-2018 19:05:32.5,82,9
05-15-2018 19:05:32.6,81,12
05-15-2018 19:05:32.7,81,9
05-15-2018 19:05:33.0,81,6
05-15-2018 19:05:33.6,82,6
05-15-2018 19:05:34.3,81,6
05-15-2018 19:05:34.3,82,3
05-15-2018 19:05:34.3,2,3
05-15-2018 19:05:34.3,43,3
05-15-2018 19:05:34.6,82,6
05-15-2018 19:05:35.3,81,6
05-15-2018 19:05:35.7,82,6
05-15-2018 19:05:35.7,82,10
05-15-2018 19:05:36.1,81,10
05-15-2018 19:05:36.5,81,6
05-15-2018 19:05:37.7,82,6
05-15-2018 19:05:38.4,81,6
05-15-2018 19:05:39.2,81,5
05-15-2018 19:05:39.3,82,9
05-15-2018 19:05:39.5,81,9
05-15-2018 19:05:40.0,82,11
05-15-2018 19:05:40.3,81,11
05-15-2018 19:05:42.7,82,9
05-15-2018 19:05:42.9,81,9
05-15-2018 19:05:44.0,4,6
05-15-2018 19:05:44.7,82,5
05-15-2018 19:05:45.5,82,6
05-15-2018 19:05:45.7,42,6
05-15-2018 19:05:45.7,46,6
05-15-2018 19:05:45.7,43,6
05-15-2018 19:05:46.2,81,6
05-15-2018 19:05:46.9,82,10
05-15-2018 19:05:47.1,82,6
05-15-2018 19:05:47.2,81,5
05-15-2018 19:05:47.4,81,10
05-15-2018 19:05:47.8,81,6
05-15-2018 19:05:47.8,44,6
05-15-2018 19:05:49.8,82,9
05-15-2018 19:05:50.1,81,9
05-15-2018 19:05:50.1,82,11
05-15-2018 19:05:50.4,81,11
05-15-2018 19:05:50.7,151,3
05-15-2018 19:05:50.7,151,8
05-15-2018 19:05:50.7,7,2
05-15-2018 19:05:50.7,7,6
05-15-2018 19:05:50.7,8,2
05-15-2018 19:05:50.7,8,6
05-15-2018 19:05:50.7,42,2
05-15-2018 19:05:50.7,47,3
05-15-2018 19:05:50.7,47,6
05-15-2018 19:05:50.7,47,8
05-15-2018 19:05:50.7,49,3
05-15-2018 19:05:50.7,49,8
05-15-2018 19:05:50.7,63,1
05-15-2018 19:05:50.7,63,3
05-15-2018 19:05:50.7,33,1
05-15-2018 19:05:50.7,33,5
05-15-2018 19:05:50.8,151,1
05-15-2018 19:05:50.8,151,4
05-15-2018 19:05:50.8,151,5
05-15-2018 19:05:50.8,151,7
05-15-2018 19:05:50.8,2,2
05-15-2018 19:05:50.8,2,6
05-15-2018 19:05:50.8,47,1
05-15-2018 19:05:50.8,47,4
05-15-2018 19:05:50.8,47,5
05-15-2018 19:05:50.8,49,1
05-15-2018 19:05:50.8,49,4
05-15-2018 19:05:50.8,49,5
05-15-2018 19:05:55.7,9,2
05-15-2018 19:05:55.7,9,6
05-15-2018 19:05:55.7,10,2
05-15-2018 19:05:55.7,10,6
05-15-2018 19:05:55.7,65,1
05-15-2018 19:05:55.7,65,3
05-15-2018 19:05:56.7,12,2
05-15-2018 19:05:56.7,12,6
05-15-2018 19:05:56.7,11,2
05-15-2018 19:05:56.7,11,6
05-15-2018 19:05:56.7,0,3
05-15-2018 19:05:56.7,0,8
05-15-2018 19:05:56.7,1,3
05-15-2018 19:05:56.7,1,8
05-15-2018 19:05:56.7,31,1
05-15-2018 19:05:56.8,49,2
05-15-2018 19:05:56.8,49,6
05-15-2018 19:05:56.8,48,3
05-15-2018 19:05:56.8,48,8
05-15-2018 19:05:56.8,41,2
05-15-2018 19:05:56.8,41,6
05-15-2018 19:05:58.0,82,1
05-15-2018 19:05:58.0,2,1
05-15-2018 19:05:58.0,43,1
05-15-2018 19:06:00.7,3,3
05-15-2018 19:06:01.6,82,12
05-15-2018 19:06:02.3,81,12
05-15-2018 19:06:02.7,3,8
05-15-2018 19:06:02.9,81,8
05-15-2018 19:06:02.9,44,8
05-15-2018 19:06:03.0,46,3
05-15-2018 19:06:05.7,4,8
05-15-2018 19:06:07.7,81,3
05-15-2018 19:06:07.7,44,3
05-15-2018 19:06:07.8,82,8
05-15-2018 19:06:07.8,43,8
05-15-2018 19:06:10.0,81,8
05-15-2018 19:06:10.0,82,10
05-15-2018 19:06:10.0,44,8
05-15-2018 19:06:10.4,81,10
05-15-2018 19:06:10.5,7,3
05-15-2018 19:06:10.5,8,3
05-15-2018 19:06:10.5,4,3
05-15-2018 19:06:11.0,82,9
05-15-2018 19:06:11.4,81,9
05-15-2018 19:06:12.5,6,3
05-15-2018 19:06:12.8,4,8
05-15-2018 19:06:13.5,9,3
05-15-2018 19:06:13.5,10,3
05-15-2018 19:06:14.5,12,3
05-15-2018 19:06:14.5,11,3
05-15-2018 19:06:14.5,0,4
05-15-2018 19:06:14.5,1,4
05-15-2018 19:06:14.6,48,4
05-15-2018 19:06:18.2,82,8
05-15-2018 19:06:18.2,43,8
05-15-2018 19:06:19.2,82,10
05-15-2018 19:06:19.6,81,10
05-15-2018 19:06:19.8,82,9
05-15-2018 19:06:20.1,81,4
05-15-2018 19:06:20.1,81,8
05-15-2018 19:06:20.1,81,9
05-15-2018 19:06:20.1,44,4
05-15-2018 19:06:20.1,44,8
05-15-2018 19:06:20.5,3,4
05-15-2018 19:06:21.5,46,4
05-15-2018 19:06:21.5,46,8
05-15-2018 19:06:22.1,82,11
05-15-2018 19:06:22.5,81,11
05-15-2018 19:06:22.9,4,8
05-15-2018 19:06:23.9,7,4
05-15-2018 19:06:23.9,7,8
05-15-2018 19:06:23.9,8,4
05-15-2018 19:06:23.9,8,8
05-15-2018 19:06:23.9,4,4
05-15-2018 19:06:24.2,82,10
05-15-2018 19:06:24.9,81,10
05-15-2018 19:06:27.4,9,4
05-15-2018 19:06:27.4,9,8
05-15-2018 19:06:27.4,10,4
05-15-2018 19:06:27.4,10,8
05-15-2018 19:06:28.0,82,3
05-15-2018 19:06:28.0,2,3
05-15-2018 19:06:28.0,43,3
05-15-2018 19:06:28.4,12,4
05-15-2018 19:06:28.4,12,8
05-15-2018 19:06:28.4,11,4
05-15-2018 19:06:28.4,11,8
05-15-2018 19:06:28.4,0,1
05-15-2018 19:06:28.4,0,6
05-15-2018 19:06:28.4,1,1
05-15-2018 19:06:28.4,1,6
05-15-2018 19:06:28.4,61,1
05-15-2018 19:06:28.4,31,1
05-15-2018 19:06:28.5,4,6
05-15-2018 19:06:28.5,64,3
05-15-2018 19:06:30.3,82,6
05-15-2018 19:06:30.5,61,3
05-15-2018 19:06:30.5,32,5
05-15-2018 19:06:31.1,81,1
05-15-2018 19:06:31.1,44,1
05-15-2018 19:06:32.1,81,6
05-15-2018 19:06:32.1,82,9
05-15-2018 19:06:32.3,48,1
05-15-2018 19:06:32.3,48,5
05-15-2018 19:06:32.4,3,1
05-15-2018 19:06:32.6,81,9
05-15-2018 19:06:32.9,7,1
05-15-2018 19:06:32.9,8,1
05-15-2018 19:06:32.9,4,1
05-15-2018 19:06:32.9,63,1
05-15-2018 19:06:33.6,82,11
05-15-2018 19:06:33.9,81,11
05-15-2018 19:06:35.9,9,1
05-15-2018 19:06:35.9,10,1
05-15-2018 19:06:35.9,65,1
05-15-2018 19:06:36.0,46,1
05-15-2018 19:06:36.9,12,1
05-15-2018 19:06:36.9,11,1
05-15-2018 19:06:36.9,0,2
05-15-2018 19:06:36.9,1,2
05-15-2018 19:06:36.9,4,6
05-15-2018 19:06:37.0,64,1
05-15-2018 19:06:37.1,82,12
05-15-2018 19:06:37.1,4,2
05-15-2018 19:06:37.5,81,12
05-15-2018 19:06:39.0,61,1
05-15-2018 19:06:39.0,32,1
05-15-2018 19:06:40.6,82,1
05-15-2018 19:06:41.0,46,5
05-15-2018 19:06:43.7,82,6
05-15-2018 19:06:44.6,81,6
05-15-2018 19:06:48.4,3,6
05-15-2018 19:06:49.4,4,6
05-15-2018 19:06:49.5,82,12
05-15-2018 19:06:49.6,81,12
05-15-2018 19:06:50.2,82,9
05-15-2018 19:06:50.7,81,9
05-15-2018 19:06:53.5,82,11
05-15-2018 19:06:53.8,81,11
05-15-2018 19:06:56.7,150,5
05-15-2018 19:06:56.7,48,2
05-15-2018 19:06:56.7,48,6
05-15-2018 19:06:56.8,150,1
05-15-2018 19:06:56.9,3,2
05-15-2018 19:06:57.0,82,12
05-15-2018 19:06:57.3,81,12
05-15-2018 19:06:59.5,82,4
05-15-2018 19:07:00.5,81,1
05-15-2018 19:07:01.5,82,1
05-15-2018 19:07:01.6,82,6
05-15-2018 19:07:02.2,81,6
05-15-2018 19:07:03.4,81,1
05-15-2018 19:07:04.1,82,9
05-15-2018 19:07:04.5,81,9
05-15-2018 19:07:06.6,4,2
05-15-2018 19:07:07.0,4,6
05-15-2018 19:07:07.5,2,4
05-15-2018 19:07:07.5,43,4
05-15-2018 19:07:12.8,82,9
05-15-2018 19:07:13.1,81,9
05-15-2018 19:07:14.6,82,10
05-15-2018 19:07:15.2,81,10
05-15-2018 19:07:15.2,82,11
05-15-2018 19:07:15.9,81,11
05-15-2018 19:07:16.6,82,9
05-15-2018 19:07:17.1,82,10
05-15-2018 19:07:17.2,81,9
05-15-2018 19:07:17.4,81,10
05-15-2018 19:07:19.8,82,11
05-15-2018 19:07:19.9,82,12
05-15-2018 19:07:20.1,81,12
05-15-2018 19:07:20.3,81,11
05-15-2018 19:07:21.1,82,9
05-15-2018 19:07:21.3,82,6
05-15-2018 19:07:21.5,81,9
05-15-2018 19:07:21.6,82,11
05-15-2018 19:07:21.9,81,11
05-15-2018 19:07:22.1,81,6
05-15-2018 19:07:22.7,82,12
05-15-2018 19:07:22.9,81,12
05-15-2018 19:07:24.2,82,9
05-15-2018 19:07:24.5,82,6
05-15-2018 19:07:24.6,81,9
05-15-2018 19:07:25.1,81,6
05-15-2018 19:07:25.7,82,10
05-15-2018 19:07:26.0,81,10
05-15-2018 19:07:26.8,82,11
05-15-2018 19:07:26.9,82,9
05-15-2018 19:07:27.0,82,6
05-15-2018 19:07:27.1,81,11
05-15-2018 19:07:27.2,81,9
05-15-2018 19:07:27.7,82,1
05-15-2018 19:07:27.7,82,12
05-15-2018 19:07:27.8,81,6
05-15-2018 19:07:28.0,81,12
05-15-2018 19:07:28.8,82,6
05-15-2018 19:07:30.0,81,6
05-15-2018 19:07:30.5,82,11
05-15-2018 19:07:30.8,81,1
05-15-2018 19:07:30.9,81,11
05-15-2018 19:07:31.2,82,8
05-15-2018 19:07:31.2,2,8
05-15-2018 19:07:31.2,43,8
05-15-2018 19:07:31.3,82,12
05-15-2018 19:07:31.5,81,12
05-15-2018 19:07:31.5,82,11
05-15-2018 19:07:31.9,81,11
05-15-2018 19:07:32.2,82,6
05-15-2018 19:07:32.7,4,2
05-15-2018 19:07:32.9,81,6
05-15-2018 19:07:33.5,82,6
05-15-2018 19:07:34.1,82,12
05-15-2018 19:07:34.2,81,6
05-15-2018 19:07:34.4,81,12
05-15-2018 19:07:34.7,82,11
05-15-2018 19:07:35.0,81,11
05-15-2018 19:07:35.6,81,8
05-15-2018 19:07:35.6,44,8
05-15-2018 19:07:36.0,82,6
05-15-2018 19:07:36.2,82,12
05-15-2018 19:07:36.6,81,12
05-15-2018 19:07:36.7,81,6
05-15-2018 19:07:37.2,82,11
05-15-2018 19:07:37.6,81,11
05-15-2018 19:07:37.8,82,1
05-15-2018 19:07:38.0,82,9
05-15-2018 19:07:38.3,81,9
05-15-2018 19:07:39.4,82,11
05-15-2018 19:07:39.5,82,6
05-15-2018 19:07:39.8,81,11
05-15-2018 19:07:40.2,81,6
05-15-2018 19:07:40.4,82,6
05-15-2018 19:07:40.5,82,12
05-15-2018 19:07:40.6,81,12
05-15-2018 19:07:41.0,81,6
05-15-2018 19:07:41.5,82,6
05-15-2018 19:07:42.1,82,11
05-15-2018 19:07:42.3,81,6
05-15-2018 19:07:42.5,81,11
05-15-2018 19:07:43.2,82,6
05-15-2018 19:07:43.9,81,6
05-15-2018 19:07:44.0,81,1
05-15-2018 19:07:45.1,82,6
05-15-2018 19:07:45.2,82,9
05-15-2018 19:07:45.5,81,9
05-15-2018 19:07:45.7,42,6
05-15-2018 19:07:45.7,46,6
05-15-2018 19:07:45.7,43,6
05-15-2018 19:07:45.9,4,2
05-15-2018 19:07:46.5,81,6
05-15-2018 19:07:46.5,44,6
05-15-2018 19:07:49.0,82,6
05-15-2018 19:07:49.0,43,6
05-15-2018 19:07:49.8,81,6
05-15-2018 19:07:49.8,44,6
05-15-2018 19:07:50.7,151,3
05-15-2018 19:07:50.7,151,8
05-15-2018 19:07:50.7,7,2
05-15-2018 19:07:50.7,7,6
05-15-2018 19:07:50.7,8,2
05-15-2018 19:07:50.7,8,6
05-15-2018 19:07:50.7,42,2
05-15-2018 19:07:50.7,47,3
05-15-2018 19:07:50.7,47,6
05-15-2018 19:07:50.7,47,8
05-15-2018 19:07:50.7,49,3
05-15-2018 19:07:50.7,49,8
05-15-2018 19:07:50.7,63,1
05-15-2018 19:07:50.7,63,3
05-15-2018 19:07:50.7,33,1
05-15-2018 19:07:50.7,33,5
05-15-2018 19:07:50.8,151,1
05-15-2018 19:07:50.8,151,4
05-15-2018 19:07:50.8,151,5
05-15-2018 19:07:50.8,151,7
05-15-2018 19:07:50.8,2,2
05-15-2018 19:07:50.8,2,6
05-15-2018 19:07:50.8,47,1
05-15-2018 19:07:50.8,47,4
05-15-2018 19:07:50.8,47,5
05-15-2018 19:07:50.8,49,1
05-15-2018 19:07:50.8,49,4
05-15-2018 19:07:50.8,49,5
05-15-2018 19:07:55.7,82,12
05-15-2018 19:07:55.7,9,2
05-15-2018 19:07:55.7,9,6
05-15-2018 19:07:55.7,10,2
05-15-2018 19:07:55.7,10,6
05-15-2018 19:07:55.7,65,1
05-15-2018 19:07:55.7,65,3
05-15-2018 19:07:56.6,81,12
05-15-2018 19:07:56.7,12,2
05-15-2018 19:07:56.7,12,6
05-15-2018 19:07:56.7,11,2
05-15-2018 19:07:56.7,11,6
05-15-2018 19:07:56.7,0,3
05-15-2018 19:07:56.7,0,8
05-15-2018 19:07:56.7,1,3
05-15-2018 19:07:56.7,1,8
05-15-2018 19:07:56.7,31,1
05-15-2018 19:07:56.8,4,8
05-15-2018 19:07:56.8,49,2
05-15-2018 19:07:56.8,49,6
05-15-2018 19:07:56.8,48,3
05-15-2018 19:07:56.8,48,8
05-15-2018 19:07:56.8,41,2
05-15-2018 19:07:56.8,41,6
05-15-2018 19:07:56.9,82,9
05-15-2018 19:07:57.2,81,9
05-15-2018 19:08:00.7,3,3
05-15-2018 19:08:01.4,82,11
05-15-2018 19:08:01.8,81,11
05-15-2018 19:08:02.7,82,10
05-15-2018 19:08:02.7,3,8
05-15-2018 19:08:02.8,82,12
05-15-2018 19:08:03.0,81,10
05-15-2018 19:08:03.0,46,3
05-15-2018 19:08:03.1,81,3
05-15-2018 19:08:03.1,44,3
05-15-2018 19:08:03.3,81,12
05-15-2018 19:08:03.5,82,3
05-15-2018 19:08:03.5,43,3
05-15-2018 19:08:03.6,82,10
05-15-2018 19:08:04.0,81,10
05-15-2018 19:08:04.1,82,9
05-15-2018 19:08:04.5,81,9
05-15-2018 19:08:05.5,81,3
05-15-2018 19:08:05.5,44,3
05-15-2018 19:08:06.0,82,3
05-15-2018 19:08:06.0,43,3
05-15-2018 19:08:06.7,82,10
05-15-2018 19:08:07.1,81,10
05-15-2018 19:08:08.1,81,3
05-15-2018 19:08:08.1,44,3
05-15-2018 19:08:08.4,82,9
05-15-2018 19:08:08.8,81,9
05-15-2018 19:08:09.6,82,9
05-15-2018 19:08:10.0,81,9
05-15-2018 19:08:10.9,7,3
05-15-2018 19:08:10.9,8,3
05-15-2018 19:08:10.9,4,3
05-15-2018 19:08:11.0,82,6
05-15-2018 19:08:11.8,82,10
05-15-2018 19:08:12.0,82,11
05-15-2018 19:08:12.1,81,10
05-15-2018 19:08:12.5,6,3
05-15-2018 19:08:12.6,81,11
05-15-2018 19:08:13.6,82,5
05-15-2018 19:08:13.6,2,5
05-15-2018 19:08:13.6,43,5
05-15-2018 19:08:13.9,9,3
05-15-2018 19:08:13.9,10,3
05-15-2018 19:08:14.7,82,9
05-15-2018 19:08:14.9,12,3
05-15-2018 19:08:14.9,11,3
05-15-2018 19:08:14.9,0,4
05-15-2018 19:08:14.9,1,4
05-15-2018 19:08:15.0,48,4
05-15-2018 19:08:15.1,81,9
05-15-2018 19:08:16.3,82,11
05-15-2018 19:08:16.9,81,11
05-15-2018 19:08:20.6,82,9
05-15-2018 19:08:20.7,82,12
05-15-2018 19:08:20.9,3,4
05-15-2018 19:08:21.1,81,4
05-15-2018 19:08:21.1,81,9
05-15-2018 19:08:21.1,81,12
05-15-2018 19:08:21.1,44,4
05-15-2018 19:08:21.5,46,4
05-15-2018 19:08:21.5,46,8
05-15-2018 19:08:22.9,82,11
05-15-2018 19:08:23.4,81,11
05-15-2018 19:08:24.6,82,4
05-15-2018 19:08:24.6,43,4
05-15-2018 19:08:26.0,82,9
05-15-2018 19:08:26.1,81,4
05-15-2018 19:08:26.1,44,4
05-15-2018 19:08:26.3,81,9
05-15-2018 19:08:29.9,7,4
05-15-2018 19:08:29.9,7,8
05-15-2018 19:08:29.9,8,4
05-15-2018 19:08:29.9,8,8
05-15-2018 19:08:29.9,4,4
05-15-2018 19:08:30.3,6,4
05-15-2018 19:08:30.6,82,10
05-15-2018 19:08:31.0,81,10
05-15-2018 19:08:32.0,6,8
05-15-2018 19:08:33.4,9,4
05-15-2018 19:08:33.4,9,8
05-15-2018 19:08:33.4,10,4
05-15-2018 19:08:33.4,10,8
05-15-2018 19:08:34.4,12,4
05-15-2018 19:08:34.4,12,8
05-15-2018 19:08:34.4,11,4
05-15-2018 19:08:34.4,11,8
05-15-2018 19:08:34.4,0,2
05-15-2018 19:08:34.4,0,5
05-15-2018 19:08:34.4,1,2
05-15-2018 19:08:34.4,1,5
05-15-2018 19:08:34.4,61,3
05-15-2018 19:08:34.4,31,1
05-15-2018 19:08:34.5,48,1
05-15-2018 19:08:34.5,48,5
05-15-2018 19:08:34.5,64,1
05-15-2018 19:08:34.6,4,2
05-15-2018 19:08:35.8,82,9
05-15-2018 19:08:36.0,46,1
05-15-2018 19:08:36.1,81,9
05-15-2018 19:08:36.5,61,1
05-15-2018 19:08:36.5,32,1
05-15-2018 19:08:38.4,3,5
05-15-2018 19:08:41.0,46,5
05-15-2018 19:08:41.7,81,5
05-15-2018 19:08:41.7,44,5
05-15-2018 19:08:41.8,82,5
05-15-2018 19:08:41.8,43,5
05-15-2018 19:08:42.4,82,8
05-15-2018 19:08:42.4,2,8
05-15-2018 19:08:42.4,43,8
05-15-2018 19:08:44.1,81,5
05-15-2018 19:08:44.1,44,5
05-15-2018 19:08:44.2,82,4
05-15-2018 19:08:44.9,81,4
05-15-2018 19:08:45.7,82,4
05-15-2018 19:08:45.9,7,5
05-15-2018 19:08:45.9,8,5
05-15-2018 19:08:45.9,4,5
05-15-2018 19:08:45.9,63,3
05-15-2018 19:08:46.3,82,10
05-15-2018 19:08:46.6,81,10
05-15-2018 19:08:46.9,82,3
05-15-2018 19:08:46.9,2,3
05-15-2018 19:08:46.9,43,3
05-15-2018 19:08:47.5,82,9
05-15-2018 19:08:47.6,81,9
05-15-2018 19:08:48.9,9,5
05-15-2018 19:08:48.9,10,5
05-15-2018 19:08:48.9,65,3
05-15-2018 19:08:49.9,12,5
05-15-2018 19:08:49.9,11,5
05-15-2018 19:08:49.9,0,6
05-15-2018 19:08:49.9,1,6
05-15-2018 19:08:50.0,64,3
05-15-2018 19:08:52.0,61,3
05-15-2018 19:08:52.0,32,5
05-15-2018 19:08:53.0,82,11
05-15-2018 19:08:53.5,81,11
05-15-2018 19:08:53.7,2,4
05-15-2018 19:08:53.7,43,4
05-15-2018 19:08:54.2,82,5
05-15-2018 19:08:54.4,3,2
05-15-2018 19:08:55.3,82,11
05-15-2018 19:08:55.7,81,11
05-15-2018 19:08:56.7,150,5
05-15-2018 19:08:56.7,48,2
05-15-2018 19:08:56.7,48,6
05-15-2018 19:08:56.8,150,1
05-15-2018 19:08:57.8,82,11
05-15-2018 19:08:58.3,81,11
05-15-2018 19:08:59.7,81,6
05-15-2018 19:09:00.1,82,6
05-15-2018 19:09:01.0,82,10
05-15-2018 19:09:01.2,81,10
05-15-2018 19:09:02.0,81,6
05-15-2018 19:09:02.1,82,6
05-15-2018 19:09:03.7,81,6
05-15-2018 19:09:05.1,82,11
05-15-2018 19:09:05.4,81,11
05-15-2018 19:09:06.3,82,6
05-15-2018 19:09:06.6,82,12
05-15-2018 19:09:07.0,81,12
05-15-2018 19:09:07.4,82,1
05-15-2018 19:09:07.6,81,6
05-15-2018 19:09:08.4,82,12
05-15-2018 19:09:08.6,81,12
05-15-2018 19:09:08.7,82,10
05-15-2018 19:09:09.1,81,10
05-15-2018 19:09:09.5,82,11
05-15-2018 19:09:09.8,81,11
05-15-2018 19:09:09.9,3,6
05-15-2018 19:09:10.9,82,6
05-15-2018 19:09:11.2,82,9
05-15-2018 19:09:11.4,81,9
05-15-2018 19:09:11.6,81,6
05-15-2018 19:09:12.2,82,11
05-15-2018 19:09:12.4,82,6
05-15-2018 19:09:12.5,81,11
05-15-2018 19:09:12.6,82,10
05-15-2018 19:09:12.9,81,10
05-15-2018 19:09:13.2,81,6
05-15-2018 19:09:14.1,82,6
05-15-2018 19:09:14.9,81,6
05-15-2018 19:09:15.0,82,6
05-15-2018 19:09:15.6,82,11
05-15-2018 19:09:15.6,82,12
05-15-2018 19:09:15.8,81,6
05-15-2018 19:09:15.9,81,11
05-15-2018 19:09:15.9,82,10
05-15-2018 19:09:16.1,81,12
05-15-2018 19:09:16.2,81,10
05-15-2018 19:09:16.3,82,11
05-15-2018 19:09:16.6,81,11
05-15-2018 19:09:17.7,82,6
05-15-2018 19:09:18.4,81,6
05-15-2018 19:09:18.4,82,10
05-15-2018 19:09:18.4,82,11
05-15-2018 19:09:18.8,81,11
05-15-2018 19:09:18.9,81,10
05-15-2018 19:09:20.1,82,9
05-15-2018 19:09:20.4,81,9
05-15-2018 19:09:20.6,82,6
05-15-2018 19:09:21.3,81,6
05-15-2018 19:09:21.6,82,6
05-15-2018 19:09:22.3,82,12
05-15-2018 19:09:22.6,81,6
05-15-2018 19:09:22.8,81,12
05-15-2018 19:09:23.6,82,10
05-15-2018 19:09:23.9,81,10
05-15-2018 19:09:23.9,82,6
05-15-2018 19:09:24.6,81,6
05-15-2018 19:09:25.1,82,10
05-15-2018 19:09:25.7,82,9
05-15-2018 19:09:25.8,81,9
05-15-2018 19:09:26.2,82,11
05-15-2018 19:09:26.5,81,11
05-15-2018 19:09:28.0,81,10
05-15-2018 19:09:30.5,82,6
05-15-2018 19:09:31.0,82,9
05-15-2018 19:09:31.0,82,12
05-15-2018 19:09:31.2,81,6
05-15-2018 19:09:31.2,81,9
05-15-2018 19:09:31.3,81,12
05-15-2018 19:09:33.2,82,9
05-15-2018 19:09:33.6,81,9
05-15-2018 19:09:36.4,82,6
05-15-2018 19:09:37.1,82,9
05-15-2018 19:09:37.2,81,6
05-15-2018 19:09:37.5,81,9
05-15-2018 19:09:45.7,42,6
05-15-2018 19:09:45.7,46,6
05-15-2018 19:09:45.7,43,6
05-15-2018 19:09:48.0,81,1
05-15-2018 19:09:49.9,4,2
05-15-2018 19:09:50.7,151,3
05-15-2018 19:09:50.7,151,8
05-15-2018 19:09:50.7,7,2
05-15-2018 19:09:50.7,7,6
05-15-2018 19:09:50.7,8,2
05-15-2018 19:09:50.7,8,6
05-15-2018 19:09:50.7,42,2
05-15-2018 19:09:50.7,44,6
05-15-2018 19:09:50.7,47,3
05-15-2018 19:09:50.7,47,6
05-15-2018 19:09:50.7,47,8
05-15-2018 19:09:50.7,49,3
05-15-2018 19:09:50.7,49,8
05-15-2018 19:09:50.7,63,1
05-15-2018 19:09:50.7,63,3
05-15-2018 19:09:50.7,33,1
05-15-2018 19:09:50.7,33,5
05-15-2018 19:09:50.8,151,1
05-15-2018 19:09:50.8,151,4
05-15-2018 19:09:50.8,151,5
05-15-2018 19:09:50.8,151,7
05-15-2018 19:09:50.8,2,2
05-15-2018 19:09:50.8,2,5
05-15-2018 19:09:50.8,2,6
05-15-2018 19:09:50.8,47,1
05-15-2018 19:09:50.8,47,4
05-15-2018 19:09:50.8,47,5
05-15-2018 19:09:50.8,49,1
05-15-2018 19:09:50.8,49,4
05-15-2018 19:09:50.8,49,5
05-15-2018 19:09:50.8,43,5
05-15-2018 19:09:51.1,82,10
05-15-2018 19:09:51.4,81,10
05-15-2018 19:09:55.7,9,2
05-15-2018 19:09:55.7,9,6
05-15-2018 19:09:55.7,10,2
05-15-2018 19:09:55.7,10,6
05-15-2018 19:09:55.7,65,1
05-15-2018 19:09:55.7,65,3
05-15-2018 19:09:56.7,12,2
05-15-2018 19:09:56.7,12,6
05-15-2018 19:09:56.7,11,2
05-15-2018 19:09:56.7,11,6
05-15-2018 19:09:56.7,0,3
05-15-2018 19:09:56.7,0,8
05-15-2018 19:09:56.7,1,3
05-15-2018 19:09:56.7,1,8
05-15-2018 19:09:56.7,31,1
05-15-2018 19:09:56.8,49,2
05-15-2018 19:09:56.8,49,6
05-15-2018 19:09:56.8,48,3
05-15-2018 19:09:56.8,48,8
05-15-2018 19:09:56.8,41,2
05-15-2018 19:09:56.8,41,6
05-15-2018 19:09:57.1,82,11
05-15-2018 19:09:57.5,81,11
05-15-2018 19:10:00.7,3,3
05-15-2018 19:10:01.0,81,3
05-15-2018 19:10:01.0,44,3
05-15-2018 19:10:02.7,3,8
05-15-2018 19:10:03.0,46,3
05-15-2018 19:10:03.8,7,3
05-15-2018 19:10:03.8,8,3
05-15-2018 19:10:03.8,4,3
05-15-2018 19:10:05.0,82,1
05-15-2018 19:10:05.0,2,1
05-15-2018 19:10:05.0,43,1
05-15-2018 19:10:05.6,82,10
05-15-2018 19:10:06.0,81,10
05-15-2018 19:10:06.2,81,8
05-15-2018 19:10:06.2,44,8
05-15-2018 19:10:06.8,82,8
05-15-2018 19:10:06.8,9,3
05-15-2018 19:10:06.8,10,3
05-15-2018 19:10:06.8,43,8
05-15-2018 19:10:07.7,82,9
05-15-2018 19:10:07.8,12,3
05-15-2018 19:10:07.8,11,3
05-15-2018 19:10:07.8,0,4
05-15-2018 19:10:07.8,1,4
05-15-2018 19:10:08.1,81,9
05-15-2018 19:10:08.7,82,11
05-15-2018 19:10:09.1,81,8
05-15-2018 19:10:09.1,44,8
05-15-2018 19:10:09.6,81,11
05-15-2018 19:10:09.9,82,8
05-15-2018 19:10:09.9,43,8
05-15-2018 19:10:11.2,81,4
05-15-2018 19:10:11.2,44,4
05-15-2018 19:10:12.3,48,4
05-15-2018 19:10:12.6,81,8
05-15-2018 19:10:12.6,44,8
05-15-2018 19:10:13.8,3,4
05-15-2018 19:10:15.0,4,4
05-15-2018 19:10:15.4,7,4
05-15-2018 19:10:15.4,7,8
05-15-2018 19:10:15.4,8,4
05-15-2018 19:10:15.4,8,8
05-15-2018 19:10:15.4,4,8
05-15-2018 19:10:17.5,82,10
05-15-2018 19:10:17.9,81,10
05-15-2018 19:10:18.9,9,4
05-15-2018 19:10:18.9,9,8
05-15-2018 19:10:18.9,10,4
05-15-2018 19:10:18.9,10,8
05-15-2018 19:10:19.4,82,6
05-15-2018 19:10:19.9,12,4
05-15-2018 19:10:19.9,12,8
05-15-2018 19:10:19.9,11,4
05-15-2018 19:10:19.9,11,8
05-15-2018 19:10:19.9,0,1
05-15-2018 19:10:19.9,0,5
05-15-2018 19:10:19.9,1,1
05-15-2018 19:10:19.9,1,5
05-15-2018 19:10:19.9,61,1
05-15-2018 19:10:19.9,61,3
05-15-2018 19:10:19.9,31,1
05-15-2018 19:10:21.5,46,4
05-15-2018 19:10:21.5,46,8
05-15-2018 19:10:22.8,82,8
05-15-2018 19:10:22.8,2,8
05-15-2018 19:10:22.8,43,8
05-15-2018 19:10:23.3,81,1
05-15-2018 19:10:23.3,44,1
05-15-2018 19:10:23.9,3,1
05-15-2018 19:10:23.9,3,5
05-15-2018 19:10:24.7,82,9
05-15-2018 19:10:25.1,81,9
05-15-2018 19:10:25.1,7,1
05-15-2018 19:10:25.1,8,1
05-15-2018 19:10:25.1,4,1
05-15-2018 19:10:25.1,63,1
05-15-2018 19:10:25.2,81,8
05-15-2018 19:10:25.2,44,8
05-15-2018 19:10:25.4,82,10
05-15-2018 19:10:25.8,81,10
05-15-2018 19:10:26.7,82,10
05-15-2018 19:10:27.2,81,10
05-15-2018 19:10:27.8,82,9
05-15-2018 19:10:28.1,9,1
05-15-2018 19:10:28.1,10,1
05-15-2018 19:10:28.1,65,1
05-15-2018 19:10:28.2,82,10
05-15-2018 19:10:28.7,81,10
05-15-2018 19:10:29.1,81,5
05-15-2018 19:10:29.1,12,1
05-15-2018 19:10:29.1,11,1
05-15-2018 19:10:29.1,0,2
05-15-2018 19:10:29.1,1,2
05-15-2018 19:10:29.1,44,5
05-15-2018 19:10:29.2,64,1
05-15-2018 19:10:29.3,4,2
05-15-2018 19:10:29.9,81,9
05-15-2018 19:10:30.4,82,10
05-15-2018 19:10:30.9,7,5
05-15-2018 19:10:30.9,8,5
05-15-2018 19:10:30.9,4,5
05-15-2018 19:10:30.9,63,3
05-15-2018 19:10:31.0,81,10
05-15-2018 19:10:31.0,82,11
05-15-2018 19:10:31.2,61,1
05-15-2018 19:10:31.2,32,1
05-15-2018 19:10:31.6,81,11
05-15-2018 19:10:32.3,48,1
05-15-2018 19:10:33.2,82,4
05-15-2018 19:10:33.9,9,5
05-15-2018 19:10:33.9,10,5
05-15-2018 19:10:33.9,65,3
05-15-2018 19:10:34.7,81,4
05-15-2018 19:10:34.9,12,5
05-15-2018 19:10:34.9,11,5
05-15-2018 19:10:34.9,0,6
05-15-2018 19:10:34.9,1,6
05-15-2018 19:10:35.0,48,5
05-15-2018 19:10:35.0,64,3
05-15-2018 19:10:36.0,46,1
05-15-2018 19:10:37.0,61,3
05-15-2018 19:10:37.0,32,5
05-15-2018 19:10:41.0,46,5
05-15-2018 19:10:42.4,81,6
05-15-2018 19:10:43.2,82,6
05-15-2018 19:10:44.8,81,6
05-15-2018 19:10:46.4,82,12
05-15-2018 19:10:46.6,81,12
05-15-2018 19:10:46.7,82,9
05-15-2018 19:10:47.1,81,9
05-15-2018 19:10:49.1,3,2
05-15-2018 19:10:49.6,4,6
05-15-2018 19:10:49.7,82,11
05-15-2018 19:10:49.9,82,9
05-15-2018 19:10:50.0,81,11
05-15-2018 19:10:50.3,81,9
05-15-2018 19:10:51.0,82,6
05-15-2018 19:10:51.6,81,6
05-15-2018 19:10:53.1,82,11
05-15-2018 19:10:53.5,81,11
05-15-2018 19:10:54.9,3,6
05-15-2018 19:10:55.2,82,12
05-15-2018 19:10:55.6,81,12
05-15-2018 19:10:55.8,82,6
05-15-2018 19:10:56.6,81,6
05-15-2018 19:10:56.7,150,5
05-15-2018 19:10:56.7,48,2
05-15-2018 19:10:56.7,48,6
05-15-2018 19:10:56.8,82,10
05-15-2018 19:10:56.8,150,1
05-15-2018 19:10:57.0,81,10
05-15-2018 19:11:00.3,82,6
05-15-2018 19:11:00.4,82,10
05-15-2018 19:11:00.6,81,10
05-15-2018 19:11:01.0,81,6
05-15-2018 19:11:01.6,82,9
05-15-2018 19:11:01.8,81,9
05-15-2018 19:11:02.1,82,1
05-15-2018 19:11:04.7,82,10
05-15-2018 19:11:05.0,81,10
05-15-2018 19:11:05.8,4,6
05-15-2018 19:11:06.3,82,9
05-15-2018 19:11:06.6,81,9
05-15-2018 19:11:06.8,82,5
05-15-2018 19:11:07.4,82,9
05-15-2018 19:11:07.7,81,9
05-15-2018 19:11:08.3,81,5
05-15-2018 19:11:11.0,82,5
05-15-2018 19:11:11.4,82,4
05-15-2018 19:11:12.7,81,4
05-15-2018 19:11:12.7,81,5
05-15-2018 19:11:15.9,82,4
05-15-2018 19:11:16.7,82,9
05-15-2018 19:11:17.1,81,9
05-15-2018 19:11:17.1,82,11
05-15-2018 19:11:17.3,81,4
05-15-2018 19:11:17.5,81,11
05-15-2018 19:11:17.5,4,6
05-15-2018 19:11:18.7,82,12
05-15-2018 19:11:19.0,81,12
05-15-2018 19:11:20.2,82,11
05-15-2018 19:11:20.5,81,11
05-15-2018 19:11:22.3,82,6
05-15-2018 19:11:22.7,82,12
05-15-2018 19:11:23.0,81,12
05-15-2018 19:11:23.1,81,6
05-15-2018 19:11:23.2,82,11
05-15-2018 19:11:23.6,81,11
05-15-2018 19:11:23.7,82,6
05-15-2018 19:11:23.8,82,8
05-15-2018 19:11:23.8,2,8
05-15-2018 19:11:23.8,43,8
05-15-2018 19:11:24.1,82,12
05-15-2018 19:11:24.3,81,6
05-15-2018 19:11:24.4,81,12
05-15-2018 19:11:24.4,82,11
05-15-2018 19:11:24.9,81,11
05-15-2018 19:11:26.1,82,11
05-15-2018 19:11:26.5,81,11
05-15-2018 19:11:27.6,82,6
05-15-2018 19:11:27.7,81,1
05-15-2018 19:11:27.9,82,11
05-15-2018 19:11:28.2,81,6
05-15-2018 19:11:28.2,82,1
05-15-2018 19:11:28.4,81,11
05-15-2018 19:11:28.6,82,6
05-15-2018 19:11:29.6,81,6
05-15-2018 19:11:30.2,82,11
05-15-2018 19:11:30.3,81,1
05-15-2018 19:11:30.3,82,6
05-15-2018 19:11:30.5,81,11
05-15-2018 19:11:31.0,81,6
05-15-2018 19:11:31.7,82,11
05-15-2018 19:11:31.9,81,11
05-15-2018 19:11:32.2,82,3
05-15-2018 19:11:32.2,2,3
05-15-2018 19:11:32.2,43,3
05-15-2018 19:11:33.8,82,6
05-15-2018 19:11:34.2,4,2
05-15-2018 19:11:34.5,81,6
05-15-2018 19:11:34.6,82,11
05-15-2018 19:11:35.0,81,11
05-15-2018 19:11:35.1,82,1
05-15-2018 19:11:36.2,82,6
05-15-2018 19:11:36.7,81,1
05-15-2018 19:11:36.9,81,6
05-15-2018 19:11:40.6,4,2
05-15-2018 19:11:41.6,82,6
05-15-2018 19:11:42.4,81,6
05-15-2018 19:11:45.3,82,12
05-15-2018 19:11:45.5,81,12
05-15-2018 19:11:45.7,42,6
05-15-2018 19:11:45.7,46,6
05-15-2018 19:11:47.2,4,6
05-15-2018 19:11:49.9,82,6
05-15-2018 19:11:49.9,43,6
05-15-2018 19:11:50.5,81,6
05-15-2018 19:11:50.5,44,6
05-15-2018 19:11:50.7,151,3
05-15-2018 19:11:50.7,151,8
05-15-2018 19:11:50.7,7,2
05-15-2018 19:11:50.7,7,6
05-15-2018 19:11:50.7,8,2
05-15-2018 19:11:50.7,8,6
05-15-2018 19:11:50.7,42,2
05-15-2018 19:11:50.7,47,3
05-15-2018 19:11:50.7,47,6
05-15-2018 19:11:50.7,47,8
05-15-2018 19:11:50.7,49,3
05-15-2018 19:11:50.7,49,8
05-15-2018 19:11:50.7,63,1
05-15-2018 19:11:50.7,63,3
05-15-2018 19:11:50.7,33,1
05-15-2018 19:11:50.7,33,5
05-15-2018 19:11:50.8,151,1
05-15-2018 19:11:50.8,151,4
05-15-2018 19:11:50.8,151,5
05-15-2018 19:11:50.8,151,7
05-15-2018 19:11:50.8,2,2
05-15-2018 19:11:50.8,2,6
05-15-2018 19:11:50.8,47,1
05-15-2018 19:11:50.8,47,4
05-15-2018 19:11:50.8,47,5
05-15-2018 19:11:50.8,49,1
05-15-2018 19:11:50.8,49,4
05-15-2018 19:11:50.8,49,5
05-15-2018 19:11:55.7,9,2
05-15-2018 19:11:55.7,9,6
05-15-2018 19:11:55.7,10,2
05-15-2018 19:11:55.7,10,6
05-15-2018 19:11:55.7,65,1
05-15-2018 19:11:55.7,65,3
05-15-2018 19:11:56.7,12,2
05-15-2018 19:11:56.7,12,6
05-15-2018 19:11:56.7,11,2
05-15-2018 19:11:56.7,11,6
05-15-2018 19:11:56.7,0,3
05-15-2018 19:11:56.7,0,8
05-15-2018 19:11:56.7,1,3
05-15-2018 19:11:56.7,1,8
05-15-2018 19:11:56.7,31,1
05-15-2018 19:11:56.8,49,2
05-15-2018 19:11:56.8,49,6
05-15-2018 19:11:56.8,48,3
05-15-2018 19:11:56.8,48,8
05-15-2018 19:11:56.8,41,2
05-15-2018 19:11:56.8,41,6
05-15-2018 19:11:59.9,82,9
05-15-2018 19:12:00.3,81,9
05-15-2018 19:12:00.7,3,3
05-15-2018 19:12:01.2,81,3
05-15-2018 19:12:01.2,44,3
05-15-2018 19:12:02.7,3,8
05-15-2018 19:12:04.0,81,8
05-15-2018 19:12:04.0,4,3
05-15-2018 19:12:04.0,44,8
05-15-2018 19:12:05.2,46,3
05-15-2018 19:12:06.0,82,3
05-15-2018 19:12:06.0,43,3
05-15-2018 19:12:06.8,4,8
05-15-2018 19:12:07.4,81,3
05-15-2018 19:12:07.4,44,3
05-15-2018 19:12:07.8,82,4
05-15-2018 19:12:08.5,82,10
05-15-2018 19:12:08.9,81,10
05-15-2018 19:12:09.3,81,4
05-15-2018 19:12:10.2,7,3
05-15-2018 19:12:10.2,7,8
05-15-2018 19:12:10.2,8,3
05-15-2018 19:12:10.2,8,8
05-15-2018 19:12:10.2,4,3
05-15-2018 19:12:11.9,82,9
05-15-2018 19:12:12.2,81,9
05-15-2018 19:12:13.2,9,3
05-15-2018 19:12:13.2,10,3
05-15-2018 19:12:13.7,9,8
05-15-2018 19:12:13.7,10,8
05-15-2018 19:12:14.2,11,3
05-15-2018 19:12:14.7,12,3
05-15-2018 19:12:14.7,12,8
05-15-2018 19:12:14.7,11,8
05-15-2018 19:12:14.7,0,2
05-15-2018 19:12:14.7,0,6
05-15-2018 19:12:14.7,1,2
05-15-2018 19:12:14.7,1,6
05-15-2018 19:12:14.7,31,1
05-15-2018 19:12:14.8,4,6
05-15-2018 19:12:14.8,48,4
05-15-2018 19:12:14.8,64,1
05-15-2018 19:12:14.8,64,3
05-15-2018 19:12:14.9,4,2
05-15-2018 19:12:15.0,82,11
05-15-2018 19:12:15.5,81,11
05-15-2018 19:12:16.8,82,12
05-15-2018 19:12:16.8,61,1
05-15-2018 19:12:16.8,61,3
05-15-2018 19:12:16.8,32,1
05-15-2018 19:12:16.8,32,5
05-15-2018 19:12:17.1,81,12
05-15-2018 19:12:17.8,82,9
05-15-2018 19:12:18.2,81,9
05-15-2018 19:12:18.9,82,3
05-15-2018 19:12:18.9,2,3
05-15-2018 19:12:18.9,43,3
05-15-2018 19:12:19.6,82,10
05-15-2018 19:12:19.9,81,10
05-15-2018 19:12:20.1,82,9
05-15-2018 19:12:20.4,81,9
05-15-2018 19:12:22.0,82,6
05-15-2018 19:12:22.4,82,1
05-15-2018 19:12:22.7,81,6
05-15-2018 19:12:25.6,46,8
05-15-2018 19:12:25.7,46,4
05-15-2018 19:12:26.2,81,1
05-15-2018 19:12:27.5,4,6
05-15-2018 19:12:28.3,82,9
05-15-2018 19:12:28.6,81,9
05-15-2018 19:12:29.5,82,10
05-15-2018 19:12:29.6,81,10
05-15-2018 19:12:30.1,4,2
05-15-2018 19:12:34.7,3,2
05-15-2018 19:12:34.7,3,6
05-15-2018 19:12:36.3,82,4
05-15-2018 19:12:37.8,82,11
05-15-2018 19:12:37.9,48,1
05-15-2018 19:12:37.9,48,5
05-15-2018 19:12:38.3,81,11
05-15-2018 19:12:39.3,82,10
05-15-2018 19:12:39.6,81,10
05-15-2018 19:12:42.6,46,1
05-15-2018 19:12:44.3,2,4
05-15-2018 19:12:44.3,43,4
05-15-2018 19:12:44.8,82,1
05-15-2018 19:12:45.2,82,9
05-15-2018 19:12:45.5,81,9
05-15-2018 19:12:47.6,46,5
05-15-2018 19:12:47.8,82,12
05-15-2018 19:12:48.1,81,12
05-15-2018 19:12:48.9,82,5
05-15-2018 19:12:49.8,81,1
05-15-2018 19:12:51.8,82,12
05-15-2018 19:12:52.3,81,12
05-15-2018 19:12:52.6,4,2
05-15-2018 19:12:53.5,82,6
05-15-2018 19:12:54.2,81,6
05-15-2018 19:12:56.7,150,5
05-15-2018 19:12:56.7,48,2
05-15-2018 19:12:56.7,48,6
05-15-2018 19:12:56.8,150,1
05-15-2018 19:12:58.1,82,6
05-15-2018 19:12:58.6,81,5
05-15-2018 19:12:58.9,81,6
05-15-2018 19:13:01.0,82,12
05-15-2018 19:13:01.3,82,11
05-15-2018 19:13:01.4,81,12
05-15-2018 19:13:01.5,81,11
05-15-2018 19:13:02.1,82,12
05-15-2018 19:13:02.4,81,12
05-15-2018 19:13:02.8,82,10
05-15-2018 19:13:03.1,81,10
05-15-2018 19:13:03.4,82,11
05-15-2018 19:13:03.7,81,11
05-15-2018 19:13:03.7,4,6
05-15-2018 19:13:04.8,82,8
05-15-2018 19:13:04.8,2,8
05-15-2018 19:13:04.8,43,8
05-15-2018 19:13:05.1,82,11
05-15-2018 19:13:05.6,81,11
05-15-2018 19:13:06.1,82,6
05-15-2018 19:13:06.5,82,11
05-15-2018 19:13:06.8,81,11
05-15-2018 19:13:07.1,81,6
05-15-2018 19:13:07.3,82,6
05-15-2018 19:13:07.9,82,11
05-15-2018 19:13:08.0,81,6
05-15-2018 19:13:08.2,81,11
05-15-2018 19:13:10.7,82,1
05-15-2018 19:13:11.0,82,6
05-15-2018 19:13:11.7,81,6
05-15-2018 19:13:12.4,82,9
05-15-2018 19:13:12.4,82,11
05-15-2018 19:13:12.7,81,9
05-15-2018 19:13:12.9,81,11
05-15-2018 19:13:13.2,82,10
05-15-2018 19:13:13.7,81,10
05-15-2018 19:13:14.7,82,6
05-15-2018 19:13:15.4,81,6
05-15-2018 19:13:16.5,82,10
05-15-2018 19:13:17.0,81,10
05-15-2018 19:13:17.5,82,11
05-15-2018 19:13:18.0,81,11
05-15-2018 19:13:18.1,82,10
05-15-2018 19:13:18.5,81,10
05-15-2018 19:13:18.9,82,9
05-15-2018 19:13:19.2,81,9
05-15-2018 19:13:19.4,82,6
05-15-2018 19:13:20.2,81,6
05-15-2018 19:13:22.8,82,5
05-15-2018 19:13:22.8,82,6
05-15-2018 19:13:23.5,81,6
05-15-2018 19:13:25.0,82,11
05-15-2018 19:13:25.3,81,11
05-15-2018 19:13:25.4,81,5
05-15-2018 19:13:25.8,82,9
05-15-2018 19:13:26.3,81,9
05-15-2018 19:13:27.1,82,11
05-15-2018 19:13:27.4,81,11
05-15-2018 19:13:27.9,82,10
05-15-2018 19:13:28.2,81,10
05-15-2018 19:13:30.2,4,6
05-15-2018 19:13:30.3,82,6
05-15-2018 19:13:31.0,81,6
05-15-2018 19:13:33.2,82,6
05-15-2018 19:13:33.8,82,11
05-15-2018 19:13:34.0,81,6
05-15-2018 19:13:34.1,81,11
05-15-2018 19:13:36.5,81,1
05-15-2018 19:13:38.4,82,12
05-15-2018 19:13:38.4,4,2
05-15-2018 19:13:38.6,82,11
05-15-2018 19:13:38.7,81,12
05-15-2018 19:13:38.8,4,6
05-15-2018 19:13:38.9,81,11
05-15-2018 19:13:39.4,82,6
05-15-2018 19:13:40.2,81,6
05-15-2018 19:13:43.6,82,6
05-15-2018 19:13:44.2,81,6
05-15-2018 19:13:44.5,82,6
05-15-2018 19:13:45.3,81,6
05-15-2018 19:13:45.7,42,6
05-15-2018 19:13:45.7,46,6
05-15-2018 19:13:50.1,4,6
05-15-2018 19:13:50.7,151,3
05-15-2018 19:13:50.7,151,8
05-15-2018 19:13:50.7,7,2
05-15-2018 19:13:50.7,7,6
05-15-2018 19:13:50.7,8,2
05-15-2018 19:13:50.7,8,6
05-15-2018 19:13:50.7,42,2
05-15-2018 19:13:50.7,47,3
05-15-2018 19:13:50.7,47,6
05-15-2018 19:13:50.7,47,8
05-15-2018 19:13:50.7,49,3
05-15-2018 19:13:50.7,49,8
05-15-2018 19:13:50.7,63,1
05-15-2018 19:13:50.7,63,3
05-15-2018 19:13:50.7,33,1
05-15-2018 19:13:50.7,33,5
05-15-2018 19:13:50.8,151,1
05-15-2018 19:13:50.8,151,4
05-15-2018 19:13:50.8,151,5
05-15-2018 19:13:50.8,151,7
05-15-2018 19:13:50.8,2,2
05-15-2018 19:13:50.8,2,6
05-15-2018 19:13:50.8,47,1
05-15-2018 19:13:50.8,47,4
05-15-2018 19:13:50.8,47,5
05-15-2018 19:13:50.8,49,1
05-15-2018 19:13:50.8,49,4
05-15-2018 19:13:50.8,49,5
05-15-2018 19:13:55.7,9,2
05-15-2018 19:13:55.7,9,6
05-15-2018 19:13:55.7,10,2
05-15-2018 19:13:55.7,10,6
05-15-2018 19:13:55.7,65,1
05-15-2018 19:13:55.7,65,3
05-15-2018 19:13:56.7,12,2
05-15-2018 19:13:56.7,12,6
05-15-2018 19:13:56.7,11,2
05-15-2018 19:13:56.7,11,6
05-15-2018 19:13:56.7,0,3
05-15-2018 19:13:56.7,0,8
05-15-2018 19:13:56.7,1,3
05-15-2018 19:13:56.7,1,8
05-15-2018 19:13:56.7,31,1
05-15-2018 19:13:56.8,49,2
05-15-2018 19:13:56.8,49,6
05-15-2018 19:13:56.8,48,3
05-15-2018 19:13:56.8,48,8
05-15-2018 19:13:56.8,41,2
05-15-2018 19:13:56.8,41,6
05-15-2018 19:13:59.1,82,10
05-15-2018 19:13:59.5,81,10
05-15-2018 19:14:00.7,3,3
05-15-2018 19:14:01.4,82,12
05-15-2018 19:14:01.9,81,12
05-15-2018 19:14:02.5,81,8
05-15-2018 19:14:02.5,44,8
05-15-2018 19:14:02.7,3,8
05-15-2018 19:14:04.3,82,8
05-15-2018 19:14:04.3,43,8
05-15-2018 19:14:05.2,46,3
05-15-2018 19:14:06.1,81,3
05-15-2018 19:14:06.1,44,3
05-15-2018 19:14:07.0,81,8
05-15-2018 19:14:07.0,44,8
05-15-2018 19:14:08.2,82,5
05-15-2018 19:14:08.2,2,5
05-15-2018 19:14:08.2,43,5
05-15-2018 19:14:08.5,82,9
05-15-2018 19:14:08.9,81,9
05-15-2018 19:14:08.9,7,3
05-15-2018 19:14:08.9,8,3
05-15-2018 19:14:08.9,4,3
05-15-2018 19:14:09.3,82,10
05-15-2018 19:14:09.7,81,10
05-15-2018 19:14:09.8,4,8
05-15-2018 19:14:11.4,82,10
05-15-2018 19:14:11.8,81,10
05-15-2018 19:14:11.9,9,3
05-15-2018 19:14:11.9,10,3
05-15-2018 19:14:12.4,82,9
05-15-2018 19:14:12.8,81,9
05-15-2018 19:14:12.9,12,3
05-15-2018 19:14:12.9,11,3
05-15-2018 19:14:12.9,0,4
05-15-2018 19:14:12.9,1,4
05-15-2018 19:14:13.8,82,9
05-15-2018 19:14:14.2,81,9
05-15-2018 19:14:14.5,48,4
05-15-2018 19:14:15.8,82,9
05-15-2018 19:14:16.2,81,9
05-15-2018 19:14:18.7,81,4
05-15-2018 19:14:18.7,44,4
05-15-2018 19:14:18.9,3,4
05-15-2018 19:14:22.5,7,4
05-15-2018 19:14:22.5,7,8
05-15-2018 19:14:22.5,8,4
05-15-2018 19:14:22.5,8,8
05-15-2018 19:14:22.5,4,4
05-15-2018 19:14:25.6,46,8
05-15-2018 19:14:25.7,46,4
05-15-2018 19:14:26.0,9,4
05-15-2018 19:14:26.0,9,8
05-15-2018 19:14:26.0,10,4
05-15-2018 19:14:26.0,10,8
05-15-2018 19:14:27.0,12,4
05-15-2018 19:14:27.0,12,8
05-15-2018 19:14:27.0,11,4
05-15-2018 19:14:27.0,11,8
05-15-2018 19:14:27.0,0,2
05-15-2018 19:14:27.0,0,5
05-15-2018 19:14:27.0,1,2
05-15-2018 19:14:27.0,1,5
05-15-2018 19:14:27.0,61,3
05-15-2018 19:14:27.0,31,1
05-15-2018 19:14:27.1,64,1
05-15-2018 19:14:27.2,82,10
05-15-2018 19:14:27.2,4,2
05-15-2018 19:14:27.6,81,10
05-15-2018 19:14:29.1,61,1
05-15-2018 19:14:29.1,32,1
05-15-2018 19:14:29.8,82,10
05-15-2018 19:14:30.2,81,10
05-15-2018 19:14:31.0,3,5
05-15-2018 19:14:31.6,82,9
05-15-2018 19:14:32.0,82,8
05-15-2018 19:14:32.0,2,8
05-15-2018 19:14:32.0,43,8
05-15-2018 19:14:32.1,81,9
05-15-2018 19:14:33.2,81,5
05-15-2018 19:14:33.2,44,5
05-15-2018 19:14:33.6,82,4
05-15-2018 19:14:34.0,82,9
05-15-2018 19:14:34.3,81,9
05-15-2018 19:14:35.0,81,4
05-15-2018 19:14:35.0,7,5
05-15-2018 19:14:35.0,8,5
05-15-2018 19:14:35.0,4,5
05-15-2018 19:14:35.0,63,3
05-15-2018 19:14:35.4,82,5
05-15-2018 19:14:35.4,2,5
05-15-2018 19:14:35.4,43,5
05-15-2018 19:14:35.6,82,9
05-15-2018 19:14:35.9,81,9
05-15-2018 19:14:36.4,48,1
05-15-2018 19:14:36.5,82,4
05-15-2018 19:14:37.1,81,5
05-15-2018 19:14:37.1,44,5
05-15-2018 19:14:37.9,81,4
05-15-2018 19:14:38.0,9,5
05-15-2018 19:14:38.0,10,5
05-15-2018 19:14:38.0,65,3
05-15-2018 19:14:39.0,12,5
05-15-2018 19:14:39.0,11,5
05-15-2018 19:14:39.0,0,6
05-15-2018 19:14:39.0,1,6
05-15-2018 19:14:39.1,4,6
05-15-2018 19:14:39.1,48,5
05-15-2018 19:14:39.1,64,3
05-15-2018 19:14:41.1,46,1
05-15-2018 19:14:41.1,61,3
05-15-2018 19:14:41.1,32,5
05-15-2018 19:14:41.2,82,11
05-15-2018 19:14:41.5,82,4
05-15-2018 19:14:41.6,81,11
05-15-2018 19:14:43.3,81,4
05-15-2018 19:14:44.5,82,12
05-15-2018 19:14:44.9,81,12
05-15-2018 19:14:46.1,46,5
05-15-2018 19:14:46.9,81,8
05-15-2018 19:14:46.9,44,8
05-15-2018 19:14:47.0,3,2
05-15-2018 19:14:47.1,82,1
05-15-2018 19:14:48.4,81,1
05-15-2018 19:14:48.7,82,9
05-15-2018 19:14:49.0,81,9
05-15-2018 19:14:51.4,82,6
05-15-2018 19:14:52.2,81,6
05-15-2018 19:14:52.3,4,2
05-15-2018 19:14:52.8,82,8
05-15-2018 19:14:52.8,2,8
05-15-2018 19:14:52.8,43,8
05-15-2018 19:14:56.7,150,5
05-15-2018 19:14:56.7,48,2
05-15-2018 19:14:56.7,48,6
05-15-2018 19:14:56.8,150,1
05-15-2018 19:14:57.0,4,6
05-15-2018 19:14:58.2,81,8
05-15-2018 19:14:58.2,44,8
05-15-2018 19:14:59.0,3,6
05-15-2018 19:15:00.4,82,9
05-15-2018 19:15:00.7,81,9
05-15-2018 19:15:01.2,82,8
05-15-2018 19:15:01.2,2,8
05-15-2018 19:15:01.2,43,8
05-15-2018 19:15:01.8,82,9
05-15-2018 19:15:02.1,81,9
05-15-2018 19:15:02.9,82,10
05-15-2018 19:15:03.1,81,10
05-15-2018 19:15:03.9,82,10
05-15-2018 19:15:04.3,81,10
05-15-2018 19:15:05.2,82,4
05-15-2018 19:15:10.2,81,8
05-15-2018 19:15:10.2,44,8
05-15-2018 19:15:10.3,82,8
05-15-2018 19:15:10.3,2,8
05-15-2018 19:15:10.3,43,8
05-15-2018 19:15:12.2,82,9
05-15-2018 19:15:12.4,81,9
05-15-2018 19:15:13.2,2,4
05-15-2018 19:15:13.2,43,4
05-15-2018 19:15:18.8,81,8
05-15-2018 19:15:18.8,44,8
05-15-2018 19:15:20.2,82,10
05-15-2018 19:15:20.5,81,10
05-15-2018 19:15:20.7,82,9
05-15-2018 19:15:21.1,81,9
05-15-2018 19:15:22.0,82,3
05-15-2018 19:15:22.0,2,3
05-15-2018 19:15:22.0,43,3
05-15-2018 19:15:22.2,82,9
05-15-2018 19:15:22.5,81,9
05-15-2018 19:15:22.9,82,10
05-15-2018 19:15:23.3,81,10
05-15-2018 19:15:23.6,82,11
05-15-2018 19:15:23.9,81,11
05-15-2018 19:15:25.1,82,11
05-15-2018 19:15:25.5,81,11
05-15-2018 19:15:26.1,82,9
05-15-2018 19:15:26.1,82,10
05-15-2018 19:15:26.4,81,9
05-15-2018 19:15:26.4,81,10
05-15-2018 19:15:26.9,82,11
05-15-2018 19:15:27.2,81,11
05-15-2018 19:15:29.7,82,12
05-15-2018 19:15:30.5,81,12
05-15-2018 19:15:30.6,82,6
05-15-2018 19:15:30.6,82,11
05-15-2018 19:15:30.8,82,1
05-15-2018 19:15:30.9,81,11
05-15-2018 19:15:31.2,81,6
05-15-2018 19:15:31.7,82,6
05-15-2018 19:15:32.1,82,12
05-15-2018 19:15:32.3,81,6
05-15-2018 19:15:32.4,81,1
05-15-2018 19:15:32.6,82,11
05-15-2018 19:15:32.7,81,11
05-15-2018 19:15:33.0,81,12
05-15-2018 19:15:35.5,82,11
05-15-2018 19:15:35.7,82,6
05-15-2018 19:15:35.9,81,11
05-15-2018 19:15:35.9,4,2
05-15-2018 19:15:36.4,82,11
05-15-2018 19:15:36.9,81,6
05-15-2018 19:15:36.9,81,11
05-15-2018 19:15:37.9,82,6
05-15-2018 19:15:38.1,82,11
05-15-2018 19:15:38.5,81,11
05-15-2018 19:15:39.5,81,6
05-15-2018 19:15:39.7,82,8
05-15-2018 19:15:39.7,2,8
05-15-2018 19:15:39.7,43,8
05-15-2018 19:15:41.0,82,6
05-15-2018 19:15:41.7,81,6
05-15-2018 19:15:41.8,82,6
05-15-2018 19:15:42.5,82,12
05-15-2018 19:15:42.6,81,6
05-15-2018 19:15:42.7,81,12
05-15-2018 19:15:43.4,82,6
05-15-2018 19:15:44.2,81,6
05-15-2018 19:15:45.7,42,6
05-15-2018 19:15:45.7,46,6
05-15-2018 19:15:46.6,82,10
05-15-2018 19:15:46.8,81,10
05-15-2018 19:15:47.5,82,9
05-15-2018 19:15:47.6,82,6
05-15-2018 19:15:47.6,43,6
05-15-2018 19:15:48.0,81,9
05-15-2018 19:15:48.3,81,6
05-15-2018 19:15:48.3,44,6
05-15-2018 19:15:50.7,151,3
05-15-2018 19:15:50.7,151,8
05-15-2018 19:15:50.7,7,2
05-15-2018 19:15:50.7,7,6
05-15-2018 19:15:50.7,8,2
05-15-2018 19:15:50.7,8,6
05-15-2018 19:15:50.7,42,2
05-15-2018 19:15:50.7,47,3
05-15-2018 19:15:50.7,47,6
05-15-2018 19:15:50.7,47,8
05-15-2018 19:15:50.7,49,3
05-15-2018 19:15:50.7,49,8
05-15-2018 19:15:50.7,63,1
05-15-2018 19:15:50.7,63,3
05-15-2018 19:15:50.7,33,1
05-15-2018 19:15:50.7,33,5
05-15-2018 19:15:50.8,151,1
05-15-2018 19:15:50.8,151,4
05-15-2018 19:15:50.8,151,5
05-15-2018 19:15:50.8,151,7
05-15-2018 19:15:50.8,2,2
05-15-2018 19:15:50.8,2,6
05-15-2018 19:15:50.8,47,1
05-15-2018 19:15:50.8,47,4
05-15-2018 19:15:50.8,47,5
05-15-2018 19:15:50.8,49,1
05-15-2018 19:15:50.8,49,4
05-15-2018 19:15:50.8,49,5
05-15-2018 19:15:53.7,82,12
05-15-2018 19:15:54.0,81,12
05-15-2018 19:15:54.3,82,11
05-15-2018 19:15:54.6,81,11
05-15-2018 19:15:55.7,9,2
05-15-2018 19:15:55.7,9,6
05-15-2018 19:15:55.7,10,2
05-15-2018 19:15:55.7,10,6
05-15-2018 19:15:55.7,65,1
05-15-2018 19:15:55.7,65,3
05-15-2018 19:15:56.7,12,2
05-15-2018 19:15:56.7,12,6
05-15-2018 19:15:56.7,11,2
05-15-2018 19:15:56.7,11,6
05-15-2018 19:15:56.7,0,3
05-15-2018 19:15:56.7,0,8
05-15-2018 19:15:56.7,1,3
05-15-2018 19:15:56.7,1,8
05-15-2018 19:15:56.7,31,1
05-15-2018 19:15:56.8,49,2
05-15-2018 19:15:56.8,49,6
05-15-2018 19:15:56.8,48,3
05-15-2018 19:15:56.8,48,8
05-15-2018 19:15:56.8,41,2
05-15-2018 19:15:56.8,41,6
05-15-2018 19:15:57.4,82,9
05-15-2018 19:15:57.7,81,9
05-15-2018 19:16:00.0,82,11
05-15-2018 19:16:00.2,81,11
05-15-2018 19:16:00.5,81,8
05-15-2018 19:16:00.5,44,8
05-15-2018 19:16:00.7,3,3
05-15-2018 19:16:01.0,82,6
05-15-2018 19:16:01.8,82,10
05-15-2018 19:16:02.1,81,10
05-15-2018 19:16:02.5,82,1
05-15-2018 19:16:02.5,2,1
05-15-2018 19:16:02.5,43,1
05-15-2018 19:16:02.7,3,8
05-15-2018 19:16:03.0,46,3
05-15-2018 19:16:03.3,4,8
05-15-2018 19:16:03.6,82,8
05-15-2018 19:16:03.6,82,9
05-15-2018 19:16:03.6,43,8
05-15-2018 19:16:04.0,81,3
05-15-2018 19:16:04.0,44,3
05-15-2018 19:16:05.5,81,8
05-15-2018 19:16:05.5,44,8
05-15-2018 19:16:06.3,82,10
05-15-2018 19:16:06.6,81,10
05-15-2018 19:16:06.8,7,3
05-15-2018 19:16:06.8,8,3
05-15-2018 19:16:06.8,4,3
05-15-2018 19:16:08.2,81,9
05-15-2018 19:16:08.3,4,8
05-15-2018 19:16:09.8,9,3
05-15-2018 19:16:09.8,10,3
05-15-2018 19:16:10.1,82,9
05-15-2018 19:16:10.6,81,9
05-15-2018 19:16:10.8,12,3
05-15-2018 19:16:10.8,11,3
05-15-2018 19:16:10.8,0,4
05-15-2018 19:16:10.8,1,4
05-15-2018 19:16:12.0,82,5
05-15-2018 19:16:12.0,2,5
05-15-2018 19:16:12.0,43,5
05-15-2018 19:16:12.3,48,4
05-15-2018 19:16:16.8,3,4
05-15-2018 19:16:17.2,81,4
05-15-2018 19:16:17.2,44,4
05-15-2018 19:16:18.1,82,4
05-15-2018 19:16:18.1,43,4
05-15-2018 19:16:19.1,82,10
05-15-2018 19:16:19.2,82,9
05-15-2018 19:16:19.4,81,9
05-15-2018 19:16:19.5,81,10
05-15-2018 19:16:20.7,81,4
05-15-2018 19:16:20.7,44,4
05-15-2018 19:16:21.1,82,9
05-15-2018 19:16:21.5,46,4
05-15-2018 19:16:21.5,46,8
05-15-2018 19:16:21.6,81,9
05-15-2018 19:16:23.2,82,9
05-15-2018 19:16:23.7,81,9
05-15-2018 19:16:24.5,7,4
05-15-2018 19:16:24.5,7,8
05-15-2018 19:16:24.5,8,4
05-15-2018 19:16:24.5,8,8
05-15-2018 19:16:24.5,4,4
05-15-2018 19:16:25.7,82,9
05-15-2018 19:16:26.1,81,9
05-15-2018 19:16:26.2,6,4
05-15-2018 19:16:28.0,9,4
05-15-2018 19:16:28.0,9,8
05-15-2018 19:16:28.0,10,4
05-15-2018 19:16:28.0,10,8
05-15-2018 19:16:29.0,12,4
05-15-2018 19:16:29.0,12,8
05-15-2018 19:16:29.0,11,4
05-15-2018 19:16:29.0,11,8
05-15-2018 19:16:29.0,0,1
05-15-2018 19:16:29.0,0,5
05-15-2018 19:16:29.0,1,1
05-15-2018 19:16:29.0,1,5
05-15-2018 19:16:29.0,61,1
05-15-2018 19:16:29.0,61,3
05-15-2018 19:16:29.0,31,1
05-15-2018 19:16:32.1,81,5
05-15-2018 19:16:32.1,44,5
05-15-2018 19:16:32.3,48,1
05-15-2018 19:16:32.3,48,5
05-15-2018 19:16:33.0,3,1
05-15-2018 19:16:33.0,3,5
05-15-2018 19:16:33.9,7,5
05-15-2018 19:16:33.9,8,5
05-15-2018 19:16:33.9,4,5
05-15-2018 19:16:33.9,63,3
05-15-2018 19:16:36.0,81,1
05-15-2018 19:16:36.0,44,1
05-15-2018 19:16:36.2,82,4
05-15-2018 19:16:36.9,9,5
05-15-2018 19:16:36.9,10,5
05-15-2018 19:16:36.9,65,3
05-15-2018 19:16:37.8,81,4
05-15-2018 19:16:37.8,7,1
05-15-2018 19:16:37.8,8,1
05-15-2018 19:16:37.8,4,1
05-15-2018 19:16:37.8,63,1
05-15-2018 19:16:37.9,12,5
05-15-2018 19:16:37.9,11,5
05-15-2018 19:16:37.9,0,6
05-15-2018 19:16:37.9,1,6
05-15-2018 19:16:38.0,46,1
05-15-2018 19:16:38.0,64,3
05-15-2018 19:16:39.9,6,1
05-15-2018 19:16:40.0,61,3
05-15-2018 19:16:40.0,32,5
05-15-2018 19:16:40.8,9,1
05-15-2018 19:16:40.8,10,1
05-15-2018 19:16:40.8,65,1
05-15-2018 19:16:41.8,12,1
05-15-2018 19:16:41.8,11,1
05-15-2018 19:16:41.8,0,2
05-15-2018 19:16:41.8,1,2
05-15-2018 19:16:41.9,64,1
05-15-2018 19:16:42.0,4,2
05-15-2018 19:16:43.0,46,5
05-15-2018 19:16:43.2,81,6
05-15-2018 19:16:43.9,61,1
05-15-2018 19:16:43.9,32,1
05-15-2018 19:16:44.6,82,6
05-15-2018 19:16:45.4,81,6
05-15-2018 19:16:50.2,4,6
05-15-2018 19:16:51.2,82,12
05-15-2018 19:16:51.6,81,12
05-15-2018 19:16:51.8,82,11
05-15-2018 19:16:52.1,81,11
05-15-2018 19:16:56.1,82,6
05-15-2018 19:16:56.3,82,4
05-15-2018 19:16:56.7,81,6
05-15-2018 19:16:56.7,150,5
05-15-2018 19:16:56.7,48,2
05-15-2018 19:16:56.7,48,6
05-15-2018 19:16:56.8,150,1
05-15-2018 19:16:57.6,82,12
05-15-2018 19:16:57.8,81,12
05-15-2018 19:16:57.9,3,6
05-15-2018 19:16:58.1,82,10
05-15-2018 19:16:58.3,81,10
05-15-2018 19:16:59.7,82,1
05-15-2018 19:17:00.0,82,9
05-15-2018 19:17:00.3,81,9
05-15-2018 19:17:01.5,4,6
05-15-2018 19:17:01.8,3,2
05-15-2018 19:17:02.4,82,6
05-15-2018 19:17:03.0,81,6
05-15-2018 19:17:04.3,2,4
05-15-2018 19:17:04.3,43,4
05-15-2018 19:17:04.8,82,9
05-15-2018 19:17:05.1,81,9
05-15-2018 19:17:07.8,4,6
05-15-2018 19:17:10.8,82,12
05-15-2018 19:17:11.2,81,12
05-15-2018 19:17:13.9,82,10
05-15-2018 19:17:14.3,81,10
05-15-2018 19:17:15.3,82,6
05-15-2018 19:17:15.9,81,6
05-15-2018 19:17:15.9,82,9
05-15-2018 19:17:16.2,81,9
05-15-2018 19:17:18.1,82,12
05-15-2018 19:17:18.3,81,12
05-15-2018 19:17:18.8,82,9
05-15-2018 19:17:18.9,81,9
05-15-2018 19:17:20.2,82,9
05-15-2018 19:17:20.2,82,11
05-15-2018 19:17:20.3,82,12
05-15-2018 19:17:20.5,81,11
05-15-2018 19:17:20.6,81,12
05-15-2018 19:17:20.7,81,9
05-15-2018 19:17:20.7,4,6
05-15-2018 19:17:22.1,82,6
05-15-2018 19:17:22.6,81,6
05-15-2018 19:17:23.7,82,3
05-15-2018 19:17:23.7,2,3
05-15-2018 19:17:23.7,43,3
05-15-2018 19:17:24.4,82,10
05-15-2018 19:17:24.7,82,6
05-15-2018 19:17:24.8,81,10
05-15-2018 19:17:25.8,82,9
05-15-2018 19:17:25.9,81,6
05-15-2018 19:17:26.1,81,9
05-15-2018 19:17:27.6,82,9
05-15-2018 19:17:28.1,81,9
05-15-2018 19:17:30.7,4,6
05-15-2018 19:17:30.8,82,10
05-15-2018 19:17:30.9,81,10
05-15-2018 19:17:34.4,82,9
05-15-2018 19:17:34.7,81,9
05-15-2018 19:17:38.4,81,1
05-15-2018 19:17:40.9,4,2
05-15-2018 19:17:45.7,42,6
05-15-2018 19:17:45.7,46,6
05-15-2018 19:17:50.7,151,3
05-15-2018 19:17:50.7,151,8
05-15-2018 19:17:50.7,7,2
05-15-2018 19:17:50.7,7,6
05-15-2018 19:17:50.7,8,2
05-15-2018 19:17:50.7,8,6
05-15-2018 19:17:50.7,42,2
05-15-2018 19:17:50.7,47,3
05-15-2018 19:17:50.7,47,6
05-15-2018 19:17:50.7,47,8
05-15-2018 19:17:50.7,49,3
05-15-2018 19:17:50.7,49,8
05-15-2018 19:17:50.7,63,1
05-15-2018 19:17:50.7,63,3
05-15-2018 19:17:50.7,33,1
05-15-2018 19:17:50.7,33,5
05-15-2018 19:17:50.8,151,1
05-15-2018 19:17:50.8,151,4
05-15-2018 19:17:50.8,151,5
05-15-2018 19:17:50.8,151,7
05-15-2018 19:17:50.8,2,2
05-15-2018 19:17:50.8,2,6
05-15-2018 19:17:50.8,47,1
05-15-2018 19:17:50.8,47,4
05-15-2018 19:17:50.8,47,5
05-15-2018 19:17:50.8,49,1
05-15-2018 19:17:50.8,49,4
05-15-2018 19:17:50.8,49,5
05-15-2018 19:17:51.1,82,9
05-15-2018 19:17:51.2,81,9
05-15-2018 19:17:54.2,82,8
05-15-2018 19:17:54.2,2,8
05-15-2018 19:17:54.2,43,8
05-15-2018 19:17:55.7,9,2
05-15-2018 19:17:55.7,9,6
05-15-2018 19:17:55.7,10,2
05-15-2018 19:17:55.7,10,6
05-15-2018 19:17:55.7,65,1
05-15-2018 19:17:55.7,65,3
05-15-2018 19:17:56.7,12,2
05-15-2018 19:17:56.7,12,6
05-15-2018 19:17:56.7,11,2
05-15-2018 19:17:56.7,11,6
05-15-2018 19:17:56.7,0,3
05-15-2018 19:17:56.7,0,8
05-15-2018 19:17:56.7,1,3
05-15-2018 19:17:56.7,1,8
05-15-2018 19:17:56.7,31,1
05-15-2018 19:17:56.8,49,2
05-15-2018 19:17:56.8,49,6
05-15-2018 19:17:56.8,48,3
05-15-2018 19:17:56.8,48,8
05-15-2018 19:17:56.8,41,2
05-15-2018 19:17:56.8,41,6
05-15-2018 19:17:59.0,81,8
05-15-2018 19:17:59.0,44,8
05-15-2018 19:17:59.1,82,9
05-15-2018 19:17:59.2,81,9
05-15-2018 19:18:00.7,3,3
05-15-2018 19:18:00.9,81,3
05-15-2018 19:18:00.9,44,3
05-15-2018 19:18:01.8,4,8
05-15-2018 19:18:01.9,82,8
05-15-2018 19:18:01.9,43,8
05-15-2018 19:18:02.7,3,8
05-15-2018 19:18:03.7,7,3
05-15-2018 19:18:03.7,8,3
05-15-2018 19:18:03.7,4,3
05-15-2018 19:18:04.8,82,10
05-15-2018 19:18:05.1,81,10
05-15-2018 19:18:05.2,46,3
05-15-2018 19:18:06.4,81,8
05-15-2018 19:18:06.4,44,8
05-15-2018 19:18:06.7,9,3
05-15-2018 19:18:06.7,10,3
05-15-2018 19:18:07.7,12,3
05-15-2018 19:18:07.7,11,3
05-15-2018 19:18:07.7,0,4
05-15-2018 19:18:07.7,1,4
05-15-2018 19:18:09.2,4,8
05-15-2018 19:18:10.9,82,10
05-15-2018 19:18:11.3,81,10
05-15-2018 19:18:11.5,81,4
05-15-2018 19:18:11.5,44,4
05-15-2018 19:18:13.7,3,4
05-15-2018 19:18:14.5,48,4
05-15-2018 19:18:14.7,82,9
05-15-2018 19:18:15.3,7,4
05-15-2018 19:18:15.3,7,8
05-15-2018 19:18:15.3,8,4
05-15-2018 19:18:15.3,8,8
05-15-2018 19:18:15.3,4,4
05-15-2018 19:18:18.6,82,4
05-15-2018 19:18:18.8,9,4
05-15-2018 19:18:18.8,9,8
05-15-2018 19:18:18.8,10,4
05-15-2018 19:18:18.8,10,8
05-15-2018 19:18:19.8,81,4
05-15-2018 19:18:19.8,12,4
05-15-2018 19:18:19.8,12,8
05-15-2018 19:18:19.8,11,4
05-15-2018 19:18:19.8,11,8
05-15-2018 19:18:19.8,0,2
05-15-2018 19:18:19.8,0,6
05-15-2018 19:18:19.8,1,2
05-15-2018 19:18:19.8,1,6
05-15-2018 19:18:19.8,31,1
05-15-2018 19:18:19.9,82,10
05-15-2018 19:18:19.9,4,6
05-15-2018 19:18:19.9,64,1
05-15-2018 19:18:19.9,64,3
05-15-2018 19:18:20.0,4,2
05-15-2018 19:18:20.4,81,10
05-15-2018 19:18:20.9,82,8
05-15-2018 19:18:20.9,2,8
05-15-2018 19:18:20.9,43,8
05-15-2018 19:18:21.9,61,1
05-15-2018 19:18:21.9,61,3
05-15-2018 19:18:21.9,32,1
05-15-2018 19:18:21.9,32,5
05-15-2018 19:18:22.6,81,9
05-15-2018 19:18:22.8,82,10
05-15-2018 19:18:23.7,81,10
05-15-2018 19:18:24.8,82,3
05-15-2018 19:18:24.8,2,3
05-15-2018 19:18:24.8,43,3
05-15-2018 19:18:25.6,46,8
05-15-2018 19:18:25.7,46,4
05-15-2018 19:18:28.9,82,10
05-15-2018 19:18:29.3,81,10
05-15-2018 19:18:29.9,82,9
05-15-2018 19:18:30.3,81,9
05-15-2018 19:18:33.7,82,11
05-15-2018 19:18:34.0,81,11
05-15-2018 19:18:35.4,82,10
05-15-2018 19:18:35.9,81,10
05-15-2018 19:18:37.9,48,1
05-15-2018 19:18:37.9,48,5
05-15-2018 19:18:38.8,82,6
05-15-2018 19:18:38.8,82,9
05-15-2018 19:18:39.2,81,9
05-15-2018 19:18:39.2,82,5
05-15-2018 19:18:39.3,81,6
05-15-2018 19:18:39.4,82,10
05-15-2018 19:18:39.7,81,10
05-15-2018 19:18:39.8,3,2
05-15-2018 19:18:39.8,3,6
05-15-2018 19:18:42.0,82,9
05-15-2018 19:18:42.3,81,9
05-15-2018 19:18:42.6,46,1
05-15-2018 19:18:45.2,82,11
05-15-2018 19:18:45.6,81,11
05-15-2018 19:18:46.1,82,9
05-15-2018 19:18:46.4,81,9
05-15-2018 19:18:47.6,46,5
05-15-2018 19:18:49.4,82,10
05-15-2018 19:18:49.9,81,10
05-15-2018 19:18:50.2,82,4
05-15-2018 19:18:50.2,82,6
05-15-2018 19:18:50.9,81,6
05-15-2018 19:18:52.4,81,4
05-15-2018 19:18:55.2,82,12
05-15-2018 19:18:55.5,81,12
05-15-2018 19:18:56.7,150,5
05-15-2018 19:18:56.7,48,2
05-15-2018 19:18:56.7,48,6
05-15-2018 19:18:56.8,150,1
05-15-2018 19:18:59.0,82,9
05-15-2018 19:18:59.2,81,9
05-15-2018 19:18:59.4,82,6
05-15-2018 19:19:00.0,81,6
05-15-2018 19:19:00.3,81,8
05-15-2018 19:19:00.3,44,8
05-15-2018 19:19:02.1,82,8
05-15-2018 19:19:02.1,2,8
05-15-2018 19:19:02.1,43,8
05-15-2018 19:19:02.8,82,12
05-15-2018 19:19:03.0,81,12
05-15-2018 19:19:04.7,82,11
05-15-2018 19:19:05.0,81,11
05-15-2018 19:19:08.0,82,6
05-15-2018 19:19:08.7,81,6
05-15-2018 19:19:09.3,82,11
05-15-2018 19:19:09.7,81,11
05-15-2018 19:19:10.2,82,6
05-15-2018 19:19:10.9,81,6
05-15-2018 19:19:11.1,82,11
05-15-2018 19:19:11.3,81,11
05-15-2018 19:19:12.2,82,9
05-15-2018 19:19:12.5,82,11
05-15-2018 19:19:12.6,81,9
05-15-2018 19:19:12.8,81,11
05-15-2018 19:19:14.2,82,12
05-15-2018 19:19:14.3,82,11
05-15-2018 19:19:14.4,82,10
05-15-2018 19:19:14.5,81,12
05-15-2018 19:19:14.6,81,11
05-15-2018 19:19:14.7,81,10
05-15-2018 19:19:15.5,82,6
05-15-2018 19:19:16.4,81,6
05-15-2018 19:19:16.8,82,10
05-15-2018 19:19:16.9,81,10
05-15-2018 19:19:17.2,82,6
05-15-2018 19:19:18.1,81,6
05-15-2018 19:19:18.4,82,6
05-15-2018 19:19:20.0,81,6
05-15-2018 19:19:20.5,82,11
05-15-2018 19:19:20.7,81,11
05-15-2018 19:19:21.7,82,1
05-15-2018 19:19:25.8,82,6
05-15-2018 19:19:26.2,82,9
05-15-2018 19:19:26.5,81,6
05-15-2018 19:19:26.6,81,9
05-15-2018 19:19:29.9,82,9
05-15-2018 19:19:30.6,81,9
05-15-2018 19:19:32.2,82,12
05-15-2018 19:19:32.4,81,12
05-15-2018 19:19:36.9,82,6
05-15-2018 19:19:37.6,81,6
05-15-2018 19:19:38.3,82,9
05-15-2018 19:19:38.6,81,9
05-15-2018 19:19:40.8,82,9
05-15-2018 19:19:41.1,81,9
05-15-2018 19:19:43.5,82,4
05-15-2018 19:19:45.7,42,6
05-15-2018 19:19:45.7,46,6
05-15-2018 19:19:45.7,43,6
05-15-2018 19:19:48.6,82,11
05-15-2018 19:19:49.1,81,11
05-15-2018 19:19:50.7,42,2
05-15-2018 19:19:50.7,46,2
05-15-2018 19:19:51.5,2,4
05-15-2018 19:19:51.5,43,4
05-15-2018 19:19:53.1,82,12
05-15-2018 19:19:53.4,81,12
05-15-2018 19:19:53.8,82,6
05-15-2018 19:19:54.6,81,6
05-15-2018 19:19:55.7,151,3
05-15-2018 19:19:55.7,151,8
05-15-2018 19:19:55.7,7,2
05-15-2018 19:19:55.7,7,6
05-15-2018 19:19:55.7,8,2
05-15-2018 19:19:55.7,8,6
05-15-2018 19:19:55.7,44,6
05-15-2018 19:19:55.7,47,2
05-15-2018 19:19:55.7,47,3
05-15-2018 19:19:55.7,47,6
05-15-2018 19:19:55.7,47,8
05-15-2018 19:19:55.7,49,3
05-15-2018 19:19:55.7,49,8
05-15-2018 19:19:55.7,63,1
05-15-2018 19:19:55.7,63,3
05-15-2018 19:19:55.7,33,1
05-15-2018 19:19:55.7,33,5
05-15-2018 19:19:55.8,151,1
05-15-2018 19:19:55.8,151,4
05-15-2018 19:19:55.8,151,5
05-15-2018 19:19:55.8,151,7
05-15-2018 19:19:55.8,2,1
05-15-2018 19:19:55.8,2,2
05-15-2018 19:19:55.8,2,5
05-15-2018 19:19:55.8,2,6
05-15-2018 19:19:55.8,47,1
05-15-2018 19:19:55.8,47,4
05-15-2018 19:19:55.8,47,5
05-15-2018 19:19:55.8,49,1
05-15-2018 19:19:55.8,49,4
05-15-2018 19:19:55.8,49,5
05-15-2018 19:19:55.8,43,1
05-15-2018 19:19:55.8,43,5
05-15-2018 19:19:57.5,82,6
05-15-2018 19:19:58.1,81,6
05-15-2018 19:19:58.5,82,12
05-15-2018 19:19:58.6,82,10
05-15-2018 19:19:58.8,81,12
05-15-2018 19:19:59.0,81,10
05-15-2018 19:20:00.7,9,2
05-15-2018 19:20:00.7,9,6
05-15-2018 19:20:00.7,10,2
05-15-2018 19:20:00.7,10,6
05-15-2018 19:20:00.7,65,1
05-15-2018 19:20:00.7,65,3
05-15-2018 19:20:01.7,12,2
05-15-2018 19:20:01.7,12,6
05-15-2018 19:20:01.7,11,2
05-15-2018 19:20:01.7,11,6
05-15-2018 19:20:01.7,0,3
05-15-2018 19:20:01.7,0,8
05-15-2018 19:20:01.7,1,3
05-15-2018 19:20:01.7,1,8
05-15-2018 19:20:01.7,31,1
05-15-2018 19:20:01.8,49,2
05-15-2018 19:20:01.8,49,6
05-15-2018 19:20:01.8,48,3
05-15-2018 19:20:01.8,48,8
05-15-2018 19:20:01.8,41,2
05-15-2018 19:20:01.8,41,6
05-15-2018 19:20:05.7,3,3
05-15-2018 19:20:07.6,3,8
05-15-2018 19:20:07.8,46,3
05-15-2018 19:20:09.2,82,6
05-15-2018 19:20:12.2,81,8
05-15-2018 19:20:12.2,44,8
05-15-2018 19:20:12.6,82,8
05-15-2018 19:20:12.6,43,8
05-15-2018 19:20:12.7,81,3
05-15-2018 19:20:12.7,44,3
05-15-2018 19:20:13.3,82,3
05-15-2018 19:20:13.3,43,3
05-15-2018 19:20:14.6,81,8
05-15-2018 19:20:14.6,44,8
05-15-2018 19:20:15.0,81,3
05-15-2018 19:20:15.0,44,3
05-15-2018 19:20:15.2,82,3
05-15-2018 19:20:15.2,43,3
05-15-2018 19:20:16.9,81,3
05-15-2018 19:20:16.9,44,3
05-15-2018 19:20:17.3,7,3
05-15-2018 19:20:17.3,8,3
05-15-2018 19:20:17.3,6,3
05-15-2018 19:20:17.4,4,8
05-15-2018 19:20:19.0,82,9
05-15-2018 19:20:19.1,82,10
05-15-2018 19:20:19.3,81,9
05-15-2018 19:20:19.6,81,10
05-15-2018 19:20:20.3,9,3
05-15-2018 19:20:20.3,10,3
05-15-2018 19:20:21.3,12,3
05-15-2018 19:20:21.3,11,3
05-15-2018 19:20:21.3,0,4
05-15-2018 19:20:21.3,1,4
05-15-2018 19:20:21.4,48,4
05-15-2018 19:20:22.6,82,8
05-15-2018 19:20:22.6,43,8
05-15-2018 19:20:24.6,81,8
05-15-2018 19:20:24.6,44,8
05-15-2018 19:20:25.0,82,9
05-15-2018 19:20:25.5,81,9
05-15-2018 19:20:26.3,46,8
05-15-2018 19:20:26.7,46,4
05-15-2018 19:20:27.3,3,4
05-15-2018 19:20:27.4,4,8
05-15-2018 19:20:28.9,81,4
05-15-2018 19:20:28.9,44,4
05-15-2018 19:20:32.7,7,4
05-15-2018 19:20:32.7,7,8
05-15-2018 19:20:32.7,8,4
05-15-2018 19:20:32.7,8,8
05-15-2018 19:20:32.7,4,4
05-15-2018 19:20:36.2,9,4
05-15-2018 19:20:36.2,9,8
05-15-2018 19:20:36.2,10,4
05-15-2018 19:20:36.2,10,8
05-15-2018 19:20:36.7,6,4
05-15-2018 19:20:36.8,6,8
05-15-2018 19:20:37.2,12,4
05-15-2018 19:20:37.2,12,8
05-15-2018 19:20:37.2,11,4
05-15-2018 19:20:37.2,11,8
05-15-2018 19:20:37.2,0,1
05-15-2018 19:20:37.2,0,5
05-15-2018 19:20:37.2,1,1
05-15-2018 19:20:37.2,1,5
05-15-2018 19:20:37.2,61,1
05-15-2018 19:20:37.2,61,3
05-15-2018 19:20:37.2,31,1
05-15-2018 19:20:37.3,48,1
05-15-2018 19:20:37.3,48,5
05-15-2018 19:20:37.7,82,3
05-15-2018 19:20:37.7,82,10
05-15-2018 19:20:37.7,2,3
05-15-2018 19:20:37.7,43,3
05-15-2018 19:20:38.0,81,10
05-15-2018 19:20:40.2,82,9
05-15-2018 19:20:40.6,81,9
05-15-2018 19:20:40.7,81,1
05-15-2018 19:20:40.7,44,1
05-15-2018 19:20:40.8,46,1
05-15-2018 19:20:41.2,3,1
05-15-2018 19:20:41.2,3,5
05-15-2018 19:20:42.5,7,1
05-15-2018 19:20:42.5,8,1
05-15-2018 19:20:42.5,4,1
05-15-2018 19:20:42.5,63,1
05-15-2018 19:20:45.5,9,1
05-15-2018 19:20:45.5,10,1
05-15-2018 19:20:45.5,65,1
05-15-2018 19:20:45.6,81,5
05-15-2018 19:20:45.6,44,5
05-15-2018 19:20:45.8,46,5
05-15-2018 19:20:46.5,12,1
05-15-2018 19:20:46.5,11,1
05-15-2018 19:20:46.5,0,2
05-15-2018 19:20:46.5,1,2
05-15-2018 19:20:46.6,64,1
05-15-2018 19:20:46.7,4,2
05-15-2018 19:20:47.4,82,4
05-15-2018 19:20:47.4,7,5
05-15-2018 19:20:47.4,8,5
05-15-2018 19:20:47.4,4,5
05-15-2018 19:20:47.4,63,3
05-15-2018 19:20:47.8,81,4
05-15-2018 19:20:48.6,61,1
05-15-2018 19:20:48.6,32,1
05-15-2018 19:20:49.1,82,11
05-15-2018 19:20:49.5,81,11
05-15-2018 19:20:50.4,9,5
05-15-2018 19:20:50.4,10,5
05-15-2018 19:20:50.4,65,3
05-15-2018 19:20:51.4,12,5
05-15-2018 19:20:51.4,11,5
05-15-2018 19:20:51.4,0,6
05-15-2018 19:20:51.4,1,6
05-15-2018 19:20:51.5,64,3
05-15-2018 19:20:53.5,61,3
05-15-2018 19:20:53.5,32,5
05-15-2018 19:20:53.8,82,11
05-15-2018 19:20:54.1,81,11
05-15-2018 19:20:54.9,81,6
05-15-2018 19:20:55.9,82,12
05-15-2018 19:20:56.2,81,12
05-15-2018 19:20:56.6,82,1
05-15-2018 19:20:56.6,150,5
05-15-2018 19:20:56.6,48,2
05-15-2018 19:20:56.6,48,6
05-15-2018 19:20:56.7,150,1
05-15-2018 19:20:59.4,81,1
05-15-2018 19:20:59.7,4,6
05-15-2018 19:21:01.6,82,1
05-15-2018 19:21:02.1,82,6
05-15-2018 19:21:02.9,81,6
05-15-2018 19:21:03.1,81,1
05-15-2018 19:21:03.7,82,10
05-15-2018 19:21:04.1,81,10
05-15-2018 19:21:06.5,82,8
05-15-2018 19:21:06.5,2,8
05-15-2018 19:21:06.5,3,2
05-15-2018 19:21:06.5,43,8
05-15-2018 19:21:07.0,4,2
05-15-2018 19:21:07.7,4,6
05-15-2018 19:21:10.1,82,12
05-15-2018 19:21:10.4,81,12
05-15-2018 19:21:10.9,82,11
05-15-2018 19:21:11.1,81,8
05-15-2018 19:21:11.1,81,11
05-15-2018 19:21:11.1,44,8
05-15-2018 19:21:11.4,3,6
05-15-2018 19:21:12.4,82,5
05-15-2018 19:21:15.2,82,6
05-15-2018 19:21:15.3,81,5
05-15-2018 19:21:16.2,81,6
05-15-2018 19:21:16.8,82,8
05-15-2018 19:21:16.8,82,12
05-15-2018 19:21:16.8,2,8
05-15-2018 19:21:16.8,43,8
05-15-2018 19:21:17.1,81,12
05-15-2018 19:21:17.1,82,9
05-15-2018 19:21:17.4,82,11
05-15-2018 19:21:17.5,81,9
05-15-2018 19:21:17.7,81,11
05-15-2018 19:21:17.7,82,10
05-15-2018 19:21:18.1,81,10
05-15-2018 19:21:19.2,82,10
05-15-2018 19:21:19.2,82,11
05-15-2018 19:21:19.3,81,10
05-15-2018 19:21:19.5,81,11
05-15-2018 19:21:20.5,82,10
05-15-2018 19:21:20.8,81,10
05-15-2018 19:21:21.0,4,6
05-15-2018 19:21:22.5,82,6
05-15-2018 19:21:23.3,81,6
05-15-2018 19:21:24.4,82,11
05-15-2018 19:21:24.7,81,11
05-15-2018 19:21:25.4,81,8
05-15-2018 19:21:25.4,44,8
05-15-2018 19:21:25.7,82,1
05-15-2018 19:21:27.1,82,5
05-15-2018 19:21:27.7,81,1
05-15-2018 19:21:29.1,82,9
05-15-2018 19:21:29.3,82,6
05-15-2018 19:21:29.4,81,9
05-15-2018 19:21:29.7,4,2
05-15-2018 19:21:30.0,81,6
05-15-2018 19:21:30.0,82,11
05-15-2018 19:21:30.3,81,11
05-15-2018 19:21:30.7,81,5
05-15-2018 19:21:33.9,82,8
05-15-2018 19:21:33.9,2,8
05-15-2018 19:21:33.9,43,8
05-15-2018 19:21:35.2,82,4
05-15-2018 19:21:35.5,4,6
05-15-2018 19:21:36.2,81,4
05-15-2018 19:21:36.3,82,9
05-15-2018 19:21:36.7,81,9
05-15-2018 19:21:37.1,82,1
05-15-2018 19:21:38.7,81,1
05-15-2018 19:21:38.8,82,10
05-15-2018 19:21:39.2,81,10
05-15-2018 19:21:40.6,4,2
05-15-2018 19:21:45.6,42,6
05-15-2018 19:21:45.6,46,6
05-15-2018 19:21:50.6,151,3
05-15-2018 19:21:50.6,151,8
05-15-2018 19:21:50.6,7,2
05-15-2018 19:21:50.6,7,6
05-15-2018 19:21:50.6,8,2
05-15-2018 19:21:50.6,8,6
05-15-2018 19:21:50.6,42,2
05-15-2018 19:21:50.6,47,3
05-15-2018 19:21:50.6,47,6
05-15-2018 19:21:50.6,47,8
05-15-2018 19:21:50.6,49,3
05-15-2018 19:21:50.6,49,8
05-15-2018 19:21:50.6,63,1
05-15-2018 19:21:50.6,63,3
05-15-2018 19:21:50.6,33,1
05-15-2018 19:21:50.6,33,5
05-15-2018 19:21:50.7,151,1
05-15-2018 19:21:50.7,151,4
05-15-2018 19:21:50.7,151,5
05-15-2018 19:21:50.7,151,7
05-15-2018 19:21:50.7,2,2
05-15-2018 19:21:50.7,2,6
05-15-2018 19:21:50.7,47,1
05-15-2018 19:21:50.7,47,4
05-15-2018 19:21:50.7,47,5
05-15-2018 19:21:50.7,49,1
05-15-2018 19:21:50.7,49,4
05-15-2018 19:21:50.7,49,5
05-15-2018 19:21:55.6,9,2
05-15-2018 19:21:55.6,9,6
05-15-2018 19:21:55.6,10,2
05-15-2018 19:21:55.6,10,6
05-15-2018 19:21:55.6,65,1
05-15-2018 19:21:55.6,65,3
05-15-2018 19:21:56.6,12,2
05-15-2018 19:21:56.6,12,6
05-15-2018 19:21:56.6,11,2
05-15-2018 19:21:56.6,11,6
05-15-2018 19:21:56.6,0,3
05-15-2018 19:21:56.6,0,8
05-15-2018 19:21:56.6,1,3
05-15-2018 19:21:56.6,1,8
05-15-2018 19:21:56.6,31,1
05-15-2018 19:21:56.7,49,2
05-15-2018 19:21:56.7,49,6
05-15-2018 19:21:56.7,48,3
05-15-2018 19:21:56.7,48,8
05-15-2018 19:21:56.7,41,2
05-15-2018 19:21:56.7,41,6
05-15-2018 19:21:59.5,81,3
05-15-2018 19:21:59.5,44,3
05-15-2018 19:22:00.6,3,3
05-15-2018 19:22:02.3,4,3
05-15-2018 19:22:02.6,3,8
05-15-2018 19:22:04.3,81,8
05-15-2018 19:22:04.3,44,8
05-15-2018 19:22:05.1,46,3
05-15-2018 19:22:05.7,82,4
05-15-2018 19:22:07.1,81,4
05-15-2018 19:22:07.1,7,3
05-15-2018 19:22:07.1,7,8
05-15-2018 19:22:07.1,8,3
05-15-2018 19:22:07.1,8,8
05-15-2018 19:22:07.1,4,8
05-15-2018 19:22:09.0,82,4
05-15-2018 19:22:10.1,9,3
05-15-2018 19:22:10.1,10,3
05-15-2018 19:22:10.3,81,4
05-15-2018 19:22:10.6,9,8
05-15-2018 19:22:10.6,10,8
05-15-2018 19:22:11.1,11,3
05-15-2018 19:22:11.6,12,3
05-15-2018 19:22:11.6,12,8
05-15-2018 19:22:11.6,11,8
05-15-2018 19:22:11.6,0,2
05-15-2018 19:22:11.6,0,6
05-15-2018 19:22:11.6,1,2
05-15-2018 19:22:11.6,1,6
05-15-2018 19:22:11.6,31,1
05-15-2018 19:22:11.7,4,6
05-15-2018 19:22:11.7,64,1
05-15-2018 19:22:11.7,64,3
05-15-2018 19:22:11.8,4,2
05-15-2018 19:22:13.4,82,3
05-15-2018 19:22:13.4,2,3
05-15-2018 19:22:13.4,43,3
05-15-2018 19:22:13.7,61,1
05-15-2018 19:22:13.7,61,3
05-15-2018 19:22:13.7,32,1
05-15-2018 19:22:13.7,32,5
05-15-2018 19:22:14.4,48,4
05-15-2018 19:22:15.8,82,12
05-15-2018 19:22:16.5,81,12
05-15-2018 19:22:24.1,82,6
05-15-2018 19:22:24.1,46,4
05-15-2018 19:22:24.9,81,6
05-15-2018 19:22:25.5,46,8
05-15-2018 19:22:27.6,82,9
05-15-2018 19:22:28.1,81,9
05-15-2018 19:22:29.7,4,6
05-15-2018 19:22:30.6,82,10
05-15-2018 19:22:30.9,81,10
05-15-2018 19:22:31.5,82,9
05-15-2018 19:22:31.6,3,2
05-15-2018 19:22:31.6,3,6
05-15-2018 19:22:31.8,81,9
05-15-2018 19:22:32.8,82,4
05-15-2018 19:22:36.7,82,9
05-15-2018 19:22:37.1,81,9
05-15-2018 19:22:37.7,48,1
05-15-2018 19:22:37.7,48,5
05-15-2018 19:22:40.2,82,9
05-15-2018 19:22:40.5,81,9
05-15-2018 19:22:40.8,2,4
05-15-2018 19:22:40.8,43,4
05-15-2018 19:22:42.4,46,1
05-15-2018 19:22:43.1,82,10
05-15-2018 19:22:43.3,81,10
05-15-2018 19:22:47.4,46,5
05-15-2018 19:22:47.5,82,10
05-15-2018 19:22:47.8,81,10
05-15-2018 19:22:48.9,82,9
05-15-2018 19:22:49.3,81,9
05-15-2018 19:22:49.5,82,10
05-15-2018 19:22:49.8,81,10
05-15-2018 19:22:52.3,82,9
05-15-2018 19:22:52.6,81,9
05-15-2018 19:22:52.6,82,11
05-15-2018 19:22:53.0,81,11
05-15-2018 19:22:54.9,82,12
05-15-2018 19:22:55.5,81,12
05-15-2018 19:22:55.6,82,11
05-15-2018 19:22:56.0,81,11
05-15-2018 19:22:56.5,82,5
05-15-2018 19:22:56.6,150,5
05-15-2018 19:22:56.6,48,2
05-15-2018 19:22:56.6,48,6
05-15-2018 19:22:56.7,150,1
05-15-2018 19:22:57.2,82,12
05-15-2018 19:22:57.5,81,12
05-15-2018 19:22:57.6,82,11
05-15-2018 19:22:57.9,81,11
05-15-2018 19:22:59.3,82,6
05-15-2018 19:23:00.1,81,6
05-15-2018 19:23:01.1,82,6
05-15-2018 19:23:01.9,81,6
05-15-2018 19:23:02.2,82,1
05-15-2018 19:23:03.5,82,6
05-15-2018 19:23:03.8,81,5
05-15-2018 19:23:04.1,81,1
05-15-2018 19:23:04.3,81,6
05-15-2018 19:23:05.4,82,1
05-15-2018 19:23:06.5,82,10
05-15-2018 19:23:06.9,81,10
05-15-2018 19:23:07.1,81,1
05-15-2018 19:23:08.1,82,11
05-15-2018 19:23:08.5,81,11
05-15-2018 19:23:09.0,4,2
05-15-2018 19:23:09.1,4,6
05-15-2018 19:23:12.4,82,11
05-15-2018 19:23:12.5,82,12
05-15-2018 19:23:12.8,81,11
05-15-2018 19:23:12.9,81,12
05-15-2018 19:23:14.3,82,10
05-15-2018 19:23:14.6,81,10
05-15-2018 19:23:15.2,82,5
05-15-2018 19:23:15.8,82,1
05-15-2018 19:23:16.5,82,11
05-15-2018 19:23:16.6,82,12
05-15-2018 19:23:16.9,81,11
05-15-2018 19:23:16.9,81,12
05-15-2018 19:23:17.3,82,6
05-15-2018 19:23:17.7,82,9
05-15-2018 19:23:18.1,81,9
05-15-2018 19:23:18.3,81,6
05-15-2018 19:23:18.9,82,11
05-15-2018 19:23:19.1,81,1
05-15-2018 19:23:19.3,81,11
05-15-2018 19:23:19.4,81,5
05-15-2018 19:23:21.0,4,2
05-15-2018 19:23:21.4,82,11
05-15-2018 19:23:21.6,82,6
05-15-2018 19:23:21.7,81,11
05-15-2018 19:23:22.7,82,12
05-15-2018 19:23:22.9,81,6
05-15-2018 19:23:23.0,81,12
05-15-2018 19:23:25.0,82,11
05-15-2018 19:23:25.4,81,11
05-15-2018 19:23:27.2,82,1
05-15-2018 19:23:27.3,82,6
05-15-2018 19:23:27.4,82,12
05-15-2018 19:23:27.7,81,12
05-15-2018 19:23:28.0,81,6
05-15-2018 19:23:28.3,82,6
05-15-2018 19:23:28.8,82,11
05-15-2018 19:23:29.0,81,6
05-15-2018 19:23:29.1,81,11
05-15-2018 19:23:30.4,82,9
05-15-2018 19:23:30.8,81,9
05-15-2018 19:23:31.2,81,1
05-15-2018 19:23:32.0,82,11
05-15-2018 19:23:32.5,81,11
05-15-2018 19:23:32.8,82,6
05-15-2018 19:23:33.0,82,11
05-15-2018 19:23:33.1,4,2
05-15-2018 19:23:33.4,81,6
05-15-2018 19:23:33.5,81,11
05-15-2018 19:23:34.1,82,1
05-15-2018 19:23:34.4,82,10
05-15-2018 19:23:34.7,81,10
05-15-2018 19:23:36.0,82,10
05-15-2018 19:23:36.2,81,10
05-15-2018 19:23:37.6,82,9
05-15-2018 19:23:37.9,81,9
05-15-2018 19:23:38.2,4,6
05-15-2018 19:23:40.2,82,11
05-15-2018 19:23:40.6,81,11
05-15-2018 19:23:43.2,82,11
05-15-2018 19:23:43.7,81,11
05-15-2018 19:23:43.8,82,9
05-15-2018 19:23:44.1,81,9
05-15-2018 19:23:45.5,82,11
05-15-2018 19:23:45.6,81,11
05-15-2018 19:23:45.6,42,6
05-15-2018 19:23:45.6,46,6
05-15-2018 19:23:47.7,82,9
05-15-2018 19:23:48.0,82,12
05-15-2018 19:23:48.1,81,9
05-15-2018 19:23:48.6,81,12
05-15-2018 19:23:50.6,42,2
05-15-2018 19:23:50.6,46,2
05-15-2018 19:23:51.1,82,6
05-15-2018 19:23:51.9,81,6
05-15-2018 19:23:54.2,82,6
05-15-2018 19:23:55.3,81,6
05-15-2018 19:23:55.6,151,3
05-15-2018 19:23:55.6,151,8
05-15-2018 19:23:55.6,7,2
05-15-2018 19:23:55.6,7,6
05-15-2018 19:23:55.6,8,2
05-15-2018 19:23:55.6,8,6
05-15-2018 19:23:55.6,47,2
05-15-2018 19:23:55.6,47,3
05-15-2018 19:23:55.6,47,6
05-15-2018 19:23:55.6,47,8
05-15-2018 19:23:55.6,49,3
05-15-2018 19:23:55.6,49,8
05-15-2018 19:23:55.6,63,1
05-15-2018 19:23:55.6,63,3
05-15-2018 19:23:55.6,33,1
05-15-2018 19:23:55.6,33,5
05-15-2018 19:23:55.7,151,1
05-15-2018 19:23:55.7,151,4
05-15-2018 19:23:55.7,151,5
05-15-2018 19:23:55.7,151,7
05-15-2018 19:23:55.7,2,1
05-15-2018 19:23:55.7,2,2
05-15-2018 19:23:55.7,2,6
05-15-2018 19:23:55.7,47,1
05-15-2018 19:23:55.7,47,4
05-15-2018 19:23:55.7,47,5
05-15-2018 19:23:55.7,49,1
05-15-2018 19:23:55.7,49,4
05-15-2018 19:23:55.7,49,5
05-15-2018 19:23:55.7,43,1
05-15-2018 19:23:56.1,82,6
05-15-2018 19:23:56.6,81,1
05-15-2018 19:23:56.6,44,1
05-15-2018 19:23:57.1,81,6
05-15-2018 19:23:58.1,82,1
05-15-2018 19:23:58.1,82,9
05-15-2018 19:23:58.1,2,1
05-15-2018 19:23:58.1,43,1
05-15-2018 19:23:58.5,81,9
05-15-2018 19:23:59.1,82,9
05-15-2018 19:23:59.5,81,9
05-15-2018 19:24:00.0,82,10
05-15-2018 19:24:00.5,81,10
05-15-2018 19:24:00.6,9,2
05-15-2018 19:24:00.6,9,6
05-15-2018 19:24:00.6,10,2
05-15-2018 19:24:00.6,10,6
05-15-2018 19:24:00.6,65,1
05-15-2018 19:24:00.6,65,3
05-15-2018 19:24:01.6,12,2
05-15-2018 19:24:01.6,12,6
05-15-2018 19:24:01.6,11,2
05-15-2018 19:24:01.6,11,6
05-15-2018 19:24:01.6,0,3
05-15-2018 19:24:01.6,0,8
05-15-2018 19:24:01.6,1,3
05-15-2018 19:24:01.6,1,8
05-15-2018 19:24:01.6,31,1
05-15-2018 19:24:01.7,4,8
05-15-2018 19:24:01.7,49,2
05-15-2018 19:24:01.7,49,6
05-15-2018 19:24:01.7,48,3
05-15-2018 19:24:01.7,48,8
05-15-2018 19:24:01.7,41,2
05-15-2018 19:24:01.7,41,6
05-15-2018 19:24:02.6,82,10
05-15-2018 19:24:03.2,81,10
05-15-2018 19:24:03.8,82,9
05-15-2018 19:24:04.4,81,9
05-15-2018 19:24:05.6,3,3
05-15-2018 19:24:07.0,82,10
05-15-2018 19:24:07.5,81,10
05-15-2018 19:24:07.6,3,8
05-15-2018 19:24:07.8,46,3
05-15-2018 19:24:08.1,81,3
05-15-2018 19:24:08.1,44,3
05-15-2018 19:24:09.2,82,3
05-15-2018 19:24:09.2,43,3
05-15-2018 19:24:09.9,82,10
05-15-2018 19:24:10.3,81,10
05-15-2018 19:24:14.2,81,3
05-15-2018 19:24:14.2,44,3
05-15-2018 19:24:14.8,82,3
05-15-2018 19:24:14.8,43,3
05-15-2018 19:24:15.4,82,9
05-15-2018 19:24:15.8,81,9
05-15-2018 19:24:17.0,81,3
05-15-2018 19:24:17.0,44,3
05-15-2018 19:24:17.3,7,3
05-15-2018 19:24:17.3,8,3
05-15-2018 19:24:17.3,6,3
05-15-2018 19:24:18.7,82,3
05-15-2018 19:24:18.7,2,3
05-15-2018 19:24:18.7,43,3
05-15-2018 19:24:20.3,9,3
05-15-2018 19:24:20.3,10,3
05-15-2018 19:24:20.5,81,3
05-15-2018 19:24:20.5,44,3
05-15-2018 19:24:20.7,82,5
05-15-2018 19:24:20.7,2,5
05-15-2018 19:24:20.7,43,5
05-15-2018 19:24:21.3,12,3
05-15-2018 19:24:21.3,11,3
05-15-2018 19:24:21.3,0,4
05-15-2018 19:24:21.3,1,4
05-15-2018 19:24:21.4,48,4
05-15-2018 19:24:25.0,81,4
05-15-2018 19:24:25.0,44,4
05-15-2018 19:24:26.3,46,8
05-15-2018 19:24:26.7,46,4
05-15-2018 19:24:26.9,82,4
05-15-2018 19:24:26.9,43,4
05-15-2018 19:24:27.3,3,4
05-15-2018 19:24:28.2,81,4
05-15-2018 19:24:28.2,44,4
05-15-2018 19:24:32.0,7,4
05-15-2018 19:24:32.0,7,8
05-15-2018 19:24:32.0,8,4
05-15-2018 19:24:32.0,8,8
05-15-2018 19:24:32.0,4,4
05-15-2018 19:24:32.9,82,4
05-15-2018 19:24:33.4,81,4
05-15-2018 19:24:35.5,9,4
05-15-2018 19:24:35.5,9,8
05-15-2018 19:24:35.5,10,4
05-15-2018 19:24:35.5,10,8
05-15-2018 19:24:36.5,12,4
05-15-2018 19:24:36.5,12,8
05-15-2018 19:24:36.5,11,4
05-15-2018 19:24:36.5,11,8
05-15-2018 19:24:36.5,0,1
05-15-2018 19:24:36.5,0,5
05-15-2018 19:24:36.5,1,1
05-15-2018 19:24:36.5,1,5
05-15-2018 19:24:36.5,61,1
05-15-2018 19:24:36.5,61,3
05-15-2018 19:24:36.5,31,1
05-15-2018 19:24:37.1,48,1
05-15-2018 19:24:37.1,48,5
05-15-2018 19:24:37.9,82,9
05-15-2018 19:24:38.2,81,9
05-15-2018 19:24:40.5,3,1
05-15-2018 19:24:40.5,3,5
05-15-2018 19:24:40.8,81,5
05-15-2018 19:24:40.8,44,5
05-15-2018 19:24:41.9,82,10
05-15-2018 19:24:42.2,81,1
05-15-2018 19:24:42.2,44,1
05-15-2018 19:24:42.4,81,10
05-15-2018 19:24:42.6,7,5
05-15-2018 19:24:42.6,8,5
05-15-2018 19:24:42.6,4,5
05-15-2018 19:24:42.6,63,3
05-15-2018 19:24:42.8,46,1
05-15-2018 19:24:43.7,82,1
05-15-2018 19:24:43.7,43,1
05-15-2018 19:24:44.5,82,4
05-15-2018 19:24:45.6,9,5
05-15-2018 19:24:45.6,10,5
05-15-2018 19:24:45.6,65,3
05-15-2018 19:24:45.9,81,4
05-15-2018 19:24:46.0,82,11
05-15-2018 19:24:46.2,81,11
05-15-2018 19:24:46.3,82,9
05-15-2018 19:24:46.6,82,10
05-15-2018 19:24:46.6,12,5
05-15-2018 19:24:46.6,11,5
05-15-2018 19:24:46.6,0,6
05-15-2018 19:24:46.6,1,6
05-15-2018 19:24:46.7,81,9
05-15-2018 19:24:46.7,4,6
05-15-2018 19:24:46.7,64,3
05-15-2018 19:24:47.1,81,1
05-15-2018 19:24:47.1,81,10
05-15-2018 19:24:47.1,44,1
05-15-2018 19:24:47.4,7,1
05-15-2018 19:24:47.4,8,1
05-15-2018 19:24:47.4,6,1
05-15-2018 19:24:47.4,63,1
05-15-2018 19:24:47.8,46,5
05-15-2018 19:24:48.7,82,11
05-15-2018 19:24:48.7,61,3
05-15-2018 19:24:48.7,32,5
05-15-2018 19:24:49.1,81,11
05-15-2018 19:24:50.4,9,1
05-15-2018 19:24:50.4,10,1
05-15-2018 19:24:50.4,65,1
05-15-2018 19:24:51.4,12,1
05-15-2018 19:24:51.4,11,1
05-15-2018 19:24:51.4,0,2
05-15-2018 19:24:51.4,1,2
05-15-2018 19:24:51.5,64,1
05-15-2018 19:24:51.6,4,2
05-15-2018 19:24:53.3,82,1
05-15-2018 19:24:53.5,61,1
05-15-2018 19:24:53.5,32,1
05-15-2018 19:24:53.6,82,10
05-15-2018 19:24:54.1,81,10
05-15-2018 19:24:54.6,82,12
05-15-2018 19:24:54.9,81,12
05-15-2018 19:24:56.6,82,9
05-15-2018 19:24:56.6,150,5
05-15-2018 19:24:56.6,48,2
05-15-2018 19:24:56.6,48,6
05-15-2018 19:24:56.7,150,1
05-15-2018 19:24:57.2,81,9
05-15-2018 19:24:58.8,82,11
05-15-2018 19:24:59.1,81,11
05-15-2018 19:25:00.0,82,6
05-15-2018 19:25:00.8,81,6
05-15-2018 19:25:01.4,82,11
05-15-2018 19:25:01.7,82,9
05-15-2018 19:25:01.8,81,11
05-15-2018 19:25:02.1,81,9
05-15-2018 19:25:05.0,82,10
05-15-2018 19:25:05.3,81,10
05-15-2018 19:25:05.5,82,6
05-15-2018 19:25:06.3,81,6
05-15-2018 19:25:06.6,3,6
05-15-2018 19:25:06.8,82,10
05-15-2018 19:25:07.1,82,6
05-15-2018 19:25:07.2,81,10
05-15-2018 19:25:07.8,81,6
05-15-2018 19:25:11.4,3,2
05-15-2018 19:25:11.7,82,9
05-15-2018 19:25:12.1,81,9
05-15-2018 19:25:12.6,4,6
05-15-2018 19:25:14.7,82,5
05-15-2018 19:25:17.0,82,11
05-15-2018 19:25:17.2,81,11
05-15-2018 19:25:17.5,82,4
05-15-2018 19:25:19.0,82,9
05-15-2018 19:25:19.2,81,1
05-15-2018 19:25:19.4,81,9
05-15-2018 19:25:19.9,82,3
05-15-2018 19:25:19.9,2,3
05-15-2018 19:25:19.9,43,3
05-15-2018 19:25:20.7,81,3
05-15-2018 19:25:20.7,44,3
05-15-2018 19:25:21.6,82,6
05-15-2018 19:25:21.6,82,11
05-15-2018 19:25:21.9,81,11
05-15-2018 19:25:22.2,81,6
05-15-2018 19:25:22.7,82,12
05-15-2018 19:25:23.1,81,12
05-15-2018 19:25:23.1,4,2
05-15-2018 19:25:25.5,2,4
05-15-2018 19:25:25.5,43,4
05-15-2018 19:25:26.8,82,6
05-15-2018 19:25:27.5,81,6
05-15-2018 19:25:28.4,82,9
05-15-2018 19:25:28.7,81,9
05-15-2018 19:25:29.2,82,11
05-15-2018 19:25:29.6,81,11
05-15-2018 19:25:30.0,82,6
05-15-2018 19:25:30.9,81,6
05-15-2018 19:25:32.2,82,9
05-15-2018 19:25:32.6,81,9
05-15-2018 19:25:33.1,82,12
05-15-2018 19:25:33.4,81,12
05-15-2018 19:25:35.5,82,9
05-15-2018 19:25:35.9,81,9
05-15-2018 19:25:39.2,82,1
05-15-2018 19:25:39.3,82,6
05-15-2018 19:25:40.2,81,6
05-15-2018 19:25:40.2,82,9
05-15-2018 19:25:40.4,81,9
05-15-2018 19:25:40.8,81,5
05-15-2018 19:25:41.4,82,10
05-15-2018 19:25:42.1,81,10
05-15-2018 19:25:42.7,82,9
05-15-2018 19:25:43.1,81,9
05-15-2018 19:25:45.6,4,6
05-15-2018 19:25:45.6,42,6
05-15-2018 19:25:45.6,46,6
05-15-2018 19:25:47.6,82,10
05-15-2018 19:25:48.2,81,10
05-15-2018 19:25:49.0,82,9
05-15-2018 19:25:49.4,81,9
05-15-2018 19:25:50.6,42,2
05-15-2018 19:25:50.6,46,2
05-15-2018 19:25:51.0,82,11
05-15-2018 19:25:51.5,81,11
05-15-2018 19:25:55.6,151,3
05-15-2018 19:25:55.6,151,8
05-15-2018 19:25:55.6,47,2
05-15-2018 19:25:55.6,47,3
05-15-2018 19:25:55.6,47,6
05-15-2018 19:25:55.6,47,8
05-15-2018 19:25:55.6,49,3
05-15-2018 19:25:55.6,49,8
05-15-2018 19:25:55.8,48,3
05-15-2018 19:25:55.8,48,8
05-15-2018 19:25:56.7,81,1
05-15-2018 19:25:59.5,4,2
05-15-2018 19:25:59.8,82,10
05-15-2018 19:26:00.1,82,1
05-15-2018 19:26:00.2,81,10
05-15-2018 19:26:02.0,81,1
05-15-2018 19:26:04.3,4,2
05-15-2018 19:26:04.5,46,3
05-15-2018 19:26:05.4,82,9
05-15-2018 19:26:05.5,82,6
05-15-2018 19:26:05.7,81,9
05-15-2018 19:26:05.8,82,3
05-15-2018 19:26:05.8,2,3
05-15-2018 19:26:05.8,43,3
05-15-2018 19:26:06.8,81,6
05-15-2018 19:26:07.4,82,9
05-15-2018 19:26:07.8,81,9
05-15-2018 19:26:09.4,82,5
05-15-2018 19:26:11.3,81,5
05-15-2018 19:26:12.6,82,9
05-15-2018 19:26:13.0,82,12
05-15-2018 19:26:13.1,81,9
05-15-2018 19:26:13.4,81,12
05-15-2018 19:26:14.1,82,10
05-15-2018 19:26:14.5,81,10
05-15-2018 19:26:15.5,151,4
05-15-2018 19:26:15.5,7,2
05-15-2018 19:26:15.5,7,6
05-15-2018 19:26:15.5,8,2
05-15-2018 19:26:15.5,8,6
05-15-2018 19:26:15.5,47,4
05-15-2018 19:26:15.5,49,4
05-15-2018 19:26:15.5,63,1
05-15-2018 19:26:15.5,63,3
05-15-2018 19:26:15.5,33,1
05-15-2018 19:26:15.5,33,5
05-15-2018 19:26:15.6,151,1
05-15-2018 19:26:15.6,151,5
05-15-2018 19:26:15.6,151,7
05-15-2018 19:26:15.6,2,2
05-15-2018 19:26:15.6,2,6
05-15-2018 19:26:15.6,47,1
05-15-2018 19:26:15.6,47,5
05-15-2018 19:26:15.6,49,1
05-15-2018 19:26:15.6,49,5
05-15-2018 19:26:17.4,82,9
05-15-2018 19:26:17.9,81,9
05-15-2018 19:26:20.5,9,2
05-15-2018 19:26:20.5,9,6
05-15-2018 19:26:20.5,10,2
05-15-2018 19:26:20.5,10,6
05-15-2018 19:26:20.5,65,1
05-15-2018 19:26:20.5,65,3
05-15-2018 19:26:20.9,82,6
05-15-2018 19:26:21.5,12,2
05-15-2018 19:26:21.5,12,6
05-15-2018 19:26:21.5,11,2
05-15-2018 19:26:21.5,11,6
05-15-2018 19:26:21.5,0,4
05-15-2018 19:26:21.5,0,8
05-15-2018 19:26:21.5,1,4
05-15-2018 19:26:21.5,1,8
05-15-2018 19:26:21.5,31,1
05-15-2018 19:26:21.6,4,8
05-15-2018 19:26:21.6,49,2
05-15-2018 19:26:21.6,49,6
05-15-2018 19:26:21.6,48,4
05-15-2018 19:26:21.6,41,2
05-15-2018 19:26:21.6,41,6
05-15-2018 19:26:25.5,81,4
05-15-2018 19:26:25.5,44,4
05-15-2018 19:26:26.2,46,4
05-15-2018 19:26:26.3,46,8
05-15-2018 19:26:27.5,3,4
05-15-2018 19:26:27.5,3,8
05-15-2018 19:26:29.3,7,4
05-15-2018 19:26:29.3,7,8
05-15-2018 19:26:29.3,8,4
05-15-2018 19:26:29.3,8,8
05-15-2018 19:26:29.3,4,4
05-15-2018 19:26:32.8,9,4
05-15-2018 19:26:32.8,9,8
05-15-2018 19:26:32.8,10,4
05-15-2018 19:26:32.8,10,8
05-15-2018 19:26:33.8,12,4
05-15-2018 19:26:33.8,12,8
05-15-2018 19:26:33.8,11,4
05-15-2018 19:26:33.8,11,8
05-15-2018 19:26:33.8,0,2
05-15-2018 19:26:33.8,0,6
05-15-2018 19:26:33.8,1,2
05-15-2018 19:26:33.8,1,6
05-15-2018 19:26:33.8,31,1
05-15-2018 19:26:33.9,64,1
05-15-2018 19:26:33.9,64,3
05-15-2018 19:26:34.0,4,2
05-15-2018 19:26:35.9,61,1
05-15-2018 19:26:35.9,61,3
05-15-2018 19:26:35.9,32,1
05-15-2018 19:26:35.9,32,5
05-15-2018 19:26:36.6,82,9
05-15-2018 19:26:36.9,81,9
05-15-2018 19:26:37.1,48,1
05-15-2018 19:26:37.1,48,5
05-15-2018 19:26:38.0,81,6
05-15-2018 19:26:40.8,46,1
05-15-2018 19:26:42.8,4,6
05-15-2018 19:26:43.0,82,10
05-15-2018 19:26:43.3,81,10
05-15-2018 19:26:44.2,82,12
05-15-2018 19:26:44.6,81,12
05-15-2018 19:26:45.2,82,9
05-15-2018 19:26:45.6,81,9
05-15-2018 19:26:45.8,46,5
05-15-2018 19:26:50.7,82,6
05-15-2018 19:26:51.5,81,6
05-15-2018 19:26:53.8,3,2
05-15-2018 19:26:53.8,3,6
05-15-2018 19:26:56.3,4,6
05-15-2018 19:26:56.6,150,5
05-15-2018 19:26:56.6,48,2
05-15-2018 19:26:56.6,48,6
05-15-2018 19:26:56.7,150,1
05-15-2018 19:26:57.5,82,9
05-15-2018 19:26:57.8,81,9
05-15-2018 19:26:58.8,82,10
05-15-2018 19:26:59.1,81,10
05-15-2018 19:26:59.3,82,11
05-15-2018 19:26:59.6,81,11
05-15-2018 19:27:01.8,82,10
05-15-2018 19:27:02.2,81,10
05-15-2018 19:27:02.5,82,12
05-15-2018 19:27:02.7,81,12
05-15-2018 19:27:02.9,82,11
05-15-2018 19:27:03.1,81,11
05-15-2018 19:27:04.6,82,6
05-15-2018 19:27:04.8,82,12
05-15-2018 19:27:05.2,81,12
05-15-2018 19:27:05.3,81,6
05-15-2018 19:27:06.0,82,11
05-15-2018 19:27:06.4,82,12
05-15-2018 19:27:06.5,81,11
05-15-2018 19:27:06.7,81,12
05-15-2018 19:27:08.0,82,5
05-15-2018 19:27:08.1,82,9
05-15-2018 19:27:08.3,82,6
05-15-2018 19:27:08.4,81,9
05-15-2018 19:27:09.7,81,6
05-15-2018 19:27:10.0,82,12
05-15-2018 19:27:10.4,81,12
05-15-2018 19:27:11.3,81,5
05-15-2018 19:27:11.7,82,6
05-15-2018 19:27:12.6,81,6
05-15-2018 19:27:13.4,82,6
05-15-2018 19:27:14.3,81,6
05-15-2018 19:27:14.4,82,1
05-15-2018 19:27:15.5,82,11
05-15-2018 19:27:15.8,81,11
05-15-2018 19:27:16.9,81,1
05-15-2018 19:27:16.9,82,6
05-15-2018 19:27:17.8,81,6
05-15-2018 19:27:18.3,82,8
05-15-2018 19:27:18.3,2,8
05-15-2018 19:27:18.3,43,8
05-15-2018 19:27:18.8,4,2
05-15-2018 19:27:20.2,82,11
05-15-2018 19:27:20.6,81,11
05-15-2018 19:27:21.5,82,6
05-15-2018 19:27:21.9,82,11
05-15-2018 19:27:22.3,81,6
05-15-2018 19:27:22.3,81,11
05-15-2018 19:27:22.8,82,12
05-15-2018 19:27:23.1,81,12
05-15-2018 19:27:23.7,82,12
05-15-2018 19:27:24.1,81,12
05-15-2018 19:27:25.3,82,11
05-15-2018 19:27:25.5,82,6
05-15-2018 19:27:25.6,81,11
05-15-2018 19:27:26.4,81,6
05-15-2018 19:27:26.9,82,4
05-15-2018 19:27:27.9,81,4
05-15-2018 19:27:28.7,82,6
05-15-2018 19:27:29.0,82,1
05-15-2018 19:27:29.6,81,6
05-15-2018 19:27:29.8,82,6
05-15-2018 19:27:30.3,82,12
05-15-2018 19:27:30.5,81,1
05-15-2018 19:27:30.6,81,6
05-15-2018 19:27:31.0,81,12
05-15-2018 19:27:31.7,82,6
05-15-2018 19:27:32.3,82,4
05-15-2018 19:27:32.4,4,2
05-15-2018 19:27:32.5,81,6
05-15-2018 19:27:32.9,82,12
05-15-2018 19:27:33.2,81,12
05-15-2018 19:27:36.0,82,6
05-15-2018 19:27:36.3,82,12
05-15-2018 19:27:36.6,81,12
05-15-2018 19:27:37.1,81,6
05-15-2018 19:27:38.5,82,6
05-15-2018 19:27:38.7,82,11
05-15-2018 19:27:39.2,81,11
05-15-2018 19:27:39.3,81,6
05-15-2018 19:27:40.3,2,4
05-15-2018 19:27:40.3,43,4
05-15-2018 19:27:41.2,82,9
05-15-2018 19:27:41.5,81,9
05-15-2018 19:27:41.8,82,6
05-15-2018 19:27:42.5,81,6
05-15-2018 19:27:42.5,82,10
05-15-2018 19:27:42.9,81,10
05-15-2018 19:27:43.7,82,9
05-15-2018 19:27:44.2,81,9
05-15-2018 19:27:45.7,42,6
05-15-2018 19:27:45.7,46,6
05-15-2018 19:27:46.3,82,11
05-15-2018 19:27:46.6,81,11
05-15-2018 19:27:47.3,4,6
05-15-2018 19:27:47.8,82,12
05-15-2018 19:27:48.3,81,12
05-15-2018 19:27:48.5,82,1
05-15-2018 19:27:48.5,82,11
05-15-2018 19:27:48.8,81,11
05-15-2018 19:27:50.7,42,2
05-15-2018 19:27:50.7,46,2
05-15-2018 19:27:51.0,81,1
05-15-2018 19:27:52.9,4,2
05-15-2018 19:27:53.0,151,3
05-15-2018 19:27:53.0,151,8
05-15-2018 19:27:53.0,7,2
05-15-2018 19:27:53.0,7,6
05-15-2018 19:27:53.0,8,2
05-15-2018 19:27:53.0,8,6
05-15-2018 19:27:53.0,47,2
05-15-2018 19:27:53.0,47,3
05-15-2018 19:27:53.0,47,6
05-15-2018 19:27:53.0,47,8
05-15-2018 19:27:53.0,49,3
05-15-2018 19:27:53.0,49,8
05-15-2018 19:27:53.0,63,1
05-15-2018 19:27:53.0,63,3
05-15-2018 19:27:53.0,33,1
05-15-2018 19:27:53.0,33,5
05-15-2018 19:27:53.1,151,1
05-15-2018 19:27:53.1,151,4
05-15-2018 19:27:53.1,151,5
05-15-2018 19:27:53.1,151,7
05-15-2018 19:27:53.1,2,2
05-15-2018 19:27:53.1,2,6
05-15-2018 19:27:53.1,47,1
05-15-2018 19:27:53.1,47,4
05-15-2018 19:27:53.1,47,5
05-15-2018 19:27:53.1,49,1
05-15-2018 19:27:53.1,49,4
05-15-2018 19:27:53.1,49,5
05-15-2018 19:27:53.2,82,6
05-15-2018 19:27:53.3,82,5
05-15-2018 19:27:53.3,2,5
05-15-2018 19:27:53.3,43,5
05-15-2018 19:27:53.9,82,10
05-15-2018 19:27:54.2,81,6
05-15-2018 19:27:54.3,81,10
05-15-2018 19:27:54.7,82,11
05-15-2018 19:27:55.1,81,11
05-15-2018 19:27:55.3,82,6
05-15-2018 19:27:55.9,82,10
05-15-2018 19:27:56.2,81,6
05-15-2018 19:27:56.3,81,10
05-15-2018 19:27:57.4,82,1
05-15-2018 19:27:57.4,2,1
05-15-2018 19:27:57.4,43,1
05-15-2018 19:27:58.0,9,2
05-15-2018 19:27:58.0,9,6
05-15-2018 19:27:58.0,10,2
05-15-2018 19:27:58.0,10,6
05-15-2018 19:27:58.0,65,1
05-15-2018 19:27:58.0,65,3
05-15-2018 19:27:58.8,82,11
05-15-2018 19:27:59.0,12,2
05-15-2018 19:27:59.0,12,6
05-15-2018 19:27:59.0,11,2
05-15-2018 19:27:59.0,11,6
05-15-2018 19:27:59.0,0,3
05-15-2018 19:27:59.0,0,8
05-15-2018 19:27:59.0,1,3
05-15-2018 19:27:59.0,1,8
05-15-2018 19:27:59.0,31,1
05-15-2018 19:27:59.1,49,2
05-15-2018 19:27:59.1,49,6
05-15-2018 19:27:59.1,48,3
05-15-2018 19:27:59.1,48,8
05-15-2018 19:27:59.1,41,2
05-15-2018 19:27:59.1,41,6
05-15-2018 19:27:59.2,81,11
05-15-2018 19:28:03.0,3,3
05-15-2018 19:28:04.0,82,6
05-15-2018 19:28:04.3,81,8
05-15-2018 19:28:04.3,44,8
05-15-2018 19:28:04.7,82,8
05-15-2018 19:28:04.7,43,8
05-15-2018 19:28:05.0,3,8
05-15-2018 19:28:06.0,82,11
05-15-2018 19:28:06.1,81,3
05-15-2018 19:28:06.1,44,3
05-15-2018 19:28:06.4,46,3
05-15-2018 19:28:06.7,81,8
05-15-2018 19:28:06.7,44,8
05-15-2018 19:28:06.8,81,11
05-15-2018 19:28:07.6,82,3
05-15-2018 19:28:07.6,43,3
05-15-2018 19:28:09.5,4,8
05-15-2018 19:28:11.3,82,9
05-15-2018 19:28:11.7,81,9
05-15-2018 19:28:14.6,81,3
05-15-2018 19:28:14.6,44,3
05-15-2018 19:28:15.9,7,3
05-15-2018 19:28:15.9,8,3
05-15-2018 19:28:15.9,6,3
05-15-2018 19:28:18.9,9,3
05-15-2018 19:28:18.9,10,3
05-15-2018 19:28:19.4,82,9
05-15-2018 19:28:19.9,12,3
05-15-2018 19:28:19.9,11,3
05-15-2018 19:28:19.9,0,4
05-15-2018 19:28:19.9,1,4
05-15-2018 19:28:20.0,48,4
05-15-2018 19:28:20.2,81,9
05-15-2018 19:28:22.8,82,9
05-15-2018 19:28:23.3,81,9
05-15-2018 19:28:25.9,3,4
05-15-2018 19:28:25.9,46,8
05-15-2018 19:28:26.4,46,4
05-15-2018 19:28:26.6,81,4
05-15-2018 19:28:26.6,44,4
05-15-2018 19:28:30.4,7,4
05-15-2018 19:28:30.4,7,8
05-15-2018 19:28:30.4,8,4
05-15-2018 19:28:30.4,8,8
05-15-2018 19:28:30.4,4,4
05-15-2018 19:28:33.9,9,4
05-15-2018 19:28:33.9,9,8
05-15-2018 19:28:33.9,10,4
05-15-2018 19:28:33.9,10,8
05-15-2018 19:28:34.9,12,4
05-15-2018 19:28:34.9,12,8
05-15-2018 19:28:34.9,11,4
05-15-2018 19:28:34.9,11,8
05-15-2018 19:28:34.9,0,1
05-15-2018 19:28:34.9,0,5
05-15-2018 19:28:34.9,1,1
05-15-2018 19:28:34.9,1,5
05-15-2018 19:28:34.9,61,1
05-15-2018 19:28:34.9,61,3
05-15-2018 19:28:34.9,31,1
05-15-2018 19:28:36.7,48,1
05-15-2018 19:28:36.7,48,5
05-15-2018 19:28:37.6,81,1
05-15-2018 19:28:37.6,44,1
05-15-2018 19:28:38.9,3,1
05-15-2018 19:28:38.9,3,5
05-15-2018 19:28:39.4,7,1
05-15-2018 19:28:39.4,8,1
05-15-2018 19:28:39.4,4,1
05-15-2018 19:28:39.4,63,1
05-15-2018 19:28:39.5,81,5
05-15-2018 19:28:39.5,44,5
05-15-2018 19:28:40.7,82,10
05-15-2018 19:28:41.3,81,10
05-15-2018 19:28:41.3,7,5
05-15-2018 19:28:41.3,8,5
05-15-2018 19:28:41.3,4,5
05-15-2018 19:28:41.3,63,3
05-15-2018 19:28:42.4,9,1
05-15-2018 19:28:42.4,10,1
05-15-2018 19:28:42.4,65,1
05-15-2018 19:28:42.9,46,1
05-15-2018 19:28:43.4,12,1
05-15-2018 19:28:43.4,11,1
05-15-2018 19:28:43.4,0,2
05-15-2018 19:28:43.4,1,2
05-15-2018 19:28:43.5,64,1
05-15-2018 19:28:43.6,4,2
05-15-2018 19:28:43.8,82,4
05-15-2018 19:28:43.9,82,11
05-15-2018 19:28:44.3,81,11
05-15-2018 19:28:44.3,9,5
05-15-2018 19:28:44.3,10,5
05-15-2018 19:28:44.3,65,3
05-15-2018 19:28:44.5,82,10
05-15-2018 19:28:45.2,81,10
05-15-2018 19:28:45.3,12,5
05-15-2018 19:28:45.3,11,5
05-15-2018 19:28:45.3,0,6
05-15-2018 19:28:45.3,1,6
05-15-2018 19:28:45.4,64,3
05-15-2018 19:28:45.5,61,1
05-15-2018 19:28:45.5,32,1
05-15-2018 19:28:45.6,81,4
05-15-2018 19:28:46.4,82,10
05-15-2018 19:28:47.0,81,10
05-15-2018 19:28:47.4,61,3
05-15-2018 19:28:47.4,32,5
05-15-2018 19:28:47.9,46,5
05-15-2018 19:28:51.7,82,5
05-15-2018 19:28:52.4,82,12
05-15-2018 19:28:52.7,81,12
05-15-2018 19:28:53.7,81,6
05-15-2018 19:28:53.7,82,9
05-15-2018 19:28:54.0,81,9
05-15-2018 19:28:54.6,82,6
05-15-2018 19:28:56.2,81,6
05-15-2018 19:28:56.7,150,5
05-15-2018 19:28:56.7,48,2
05-15-2018 19:28:56.7,48,6
05-15-2018 19:28:56.8,150,1
05-15-2018 19:28:56.9,82,9
05-15-2018 19:28:57.3,81,9
05-15-2018 19:28:57.7,82,10
05-15-2018 19:28:57.8,82,6
05-15-2018 19:28:58.0,81,10
05-15-2018 19:28:58.5,81,6
05-15-2018 19:28:58.5,82,11
05-15-2018 19:28:58.7,81,5
05-15-2018 19:28:58.8,81,11
05-15-2018 19:28:59.8,82,10
05-15-2018 19:29:00.1,81,10
05-15-2018 19:29:00.9,82,9
05-15-2018 19:29:01.1,82,8
05-15-2018 19:29:01.1,2,8
05-15-2018 19:29:01.1,43,8
05-15-2018 19:29:01.3,81,9
05-15-2018 19:29:03.2,82,10
05-15-2018 19:29:03.4,3,2
05-15-2018 19:29:03.5,4,6
05-15-2018 19:29:03.6,81,10
05-15-2018 19:29:04.1,82,12
05-15-2018 19:29:04.5,81,12
05-15-2018 19:29:04.5,82,4
05-15-2018 19:29:05.0,82,9
05-15-2018 19:29:05.3,3,6
05-15-2018 19:29:05.4,81,9
05-15-2018 19:29:06.0,81,4
05-15-2018 19:29:06.4,82,11
05-15-2018 19:29:06.7,81,11
05-15-2018 19:29:07.2,82,1
05-15-2018 19:29:07.5,82,12
05-15-2018 19:29:07.8,81,12
05-15-2018 19:29:08.1,82,9
05-15-2018 19:29:08.4,81,9
05-15-2018 19:29:08.7,82,5
05-15-2018 19:29:08.8,82,10
05-15-2018 19:29:08.8,82,11
05-15-2018 19:29:09.2,81,10
05-15-2018 19:29:09.2,81,11
05-15-2018 19:29:09.6,82,6
05-15-2018 19:29:10.1,82,11
05-15-2018 19:29:10.3,81,6
05-15-2018 19:29:10.5,81,11
05-15-2018 19:29:10.6,82,9
05-15-2018 19:29:11.0,81,9
05-15-2018 19:29:12.3,81,5
05-15-2018 19:29:13.3,82,6
05-15-2018 19:29:14.0,81,6
05-15-2018 19:29:14.2,82,9
05-15-2018 19:29:14.3,82,12
05-15-2018 19:29:14.5,81,9
05-15-2018 19:29:14.5,82,10
05-15-2018 19:29:14.6,81,12
05-15-2018 19:29:14.9,81,10
05-15-2018 19:29:15.3,81,8
05-15-2018 19:29:15.3,44,8
05-15-2018 19:29:17.9,82,6
05-15-2018 19:29:19.1,81,6
05-15-2018 19:29:20.1,82,4
05-15-2018 19:29:21.6,81,4
05-15-2018 19:29:22.2,82,6
05-15-2018 19:29:23.3,81,6
05-15-2018 19:29:24.0,82,5
05-15-2018 19:29:24.3,82,12
05-15-2018 19:29:24.8,81,12
05-15-2018 19:29:29.8,82,6
05-15-2018 19:29:30.2,81,1
05-15-2018 19:29:30.3,81,5
05-15-2018 19:29:30.7,81,6
05-15-2018 19:29:32.0,82,9
05-15-2018 19:29:32.4,81,9
05-15-2018 19:29:34.1,4,2
05-15-2018 19:29:35.5,4,6
05-15-2018 19:29:36.6,82,12
05-15-2018 19:29:36.9,81,12
05-15-2018 19:29:39.2,82,12
05-15-2018 19:29:39.4,82,10
05-15-2018 19:29:39.6,81,12
05-15-2018 19:29:39.7,81,10
05-15-2018 19:29:43.2,82,9
05-15-2018 19:29:43.5,81,9
05-15-2018 19:29:43.5,82,6
05-15-2018 19:29:44.4,81,6
05-15-2018 19:29:45.6,82,6
05-15-2018 19:29:45.7,42,6
05-15-2018 19:29:45.7,46,6
05-15-2018 19:29:45.7,43,6
05-15-2018 19:29:46.5,81,6
05-15-2018 19:29:46.5,44,6
05-15-2018 19:29:50.7,151,3
05-15-2018 19:29:50.7,151,8
05-15-2018 19:29:50.7,42,2
05-15-2018 19:29:50.7,47,3
05-15-2018 19:29:50.7,47,6
05-15-2018 19:29:50.7,47,8
05-15-2018 19:29:50.7,49,3
05-15-2018 19:29:50.7,49,8
05-15-2018 19:29:50.9,48,3
05-15-2018 19:29:50.9,48,8
05-15-2018 19:29:51.3,4,6
05-15-2018 19:29:53.1,82,3
05-15-2018 19:29:53.1,7,2
05-15-2018 19:29:53.1,7,6
05-15-2018 19:29:53.1,8,2
05-15-2018 19:29:53.1,8,6
05-15-2018 19:29:53.1,2,3
05-15-2018 19:29:53.1,43,3
05-15-2018 19:29:53.1,63,1
05-15-2018 19:29:53.1,63,3
05-15-2018 19:29:53.1,33,1
05-15-2018 19:29:53.1,33,5
05-15-2018 19:29:53.2,151,1
05-15-2018 19:29:53.2,151,4
05-15-2018 19:29:53.2,151,5
05-15-2018 19:29:53.2,151,7
05-15-2018 19:29:53.2,2,2
05-15-2018 19:29:53.2,2,6
05-15-2018 19:29:53.2,47,1
05-15-2018 19:29:53.2,47,4
05-15-2018 19:29:53.2,47,5
05-15-2018 19:29:53.2,49,1
05-15-2018 19:29:53.2,49,4
05-15-2018 19:29:53.2,49,5
05-15-2018 19:29:54.7,82,10
05-15-2018 19:29:55.1,81,10
05-15-2018 19:29:58.1,9,2
05-15-2018 19:29:58.1,9,6
05-15-2018 19:29:58.1,10,2
05-15-2018 19:29:58.1,10,6
05-15-2018 19:29:58.1,65,1
05-15-2018 19:29:58.1,65,3
05-15-2018 19:29:59.0,82,9
05-15-2018 19:29:59.1,12,2
05-15-2018 19:29:59.1,12,6
05-15-2018 19:29:59.1,11,2
05-15-2018 19:29:59.1,11,6
05-15-2018 19:29:59.1,0,3
05-15-2018 19:29:59.1,0,8
05-15-2018 19:29:59.1,1,3
05-15-2018 19:29:59.1,1,8
05-15-2018 19:29:59.1,31,1
05-15-2018 19:29:59.2,4,8
05-15-2018 19:29:59.2,49,2
05-15-2018 19:29:59.2,49,6
05-15-2018 19:29:59.2,41,2
05-15-2018 19:29:59.2,41,6
05-15-2018 19:29:59.4,81,9
05-15-2018 19:30:00.8,82,9
05-15-2018 19:30:01.1,81,9
05-15-2018 19:30:03.0,46,3
05-15-2018 19:30:03.1,3,3
05-15-2018 19:30:03.9,82,10
05-15-2018 19:30:04.3,81,10
05-15-2018 19:30:05.1,81,3
05-15-2018 19:30:05.1,3,8
05-15-2018 19:30:05.1,44,3
05-15-2018 19:30:07.9,7,3
05-15-2018 19:30:07.9,7,8
05-15-2018 19:30:07.9,8,3
05-15-2018 19:30:07.9,8,8
05-15-2018 19:30:07.9,4,3
05-15-2018 19:30:08.0,82,9
05-15-2018 19:30:08.4,81,9
05-15-2018 19:30:09.1,82,10
05-15-2018 19:30:09.8,81,10
05-15-2018 19:30:10.9,9,3
05-15-2018 19:30:10.9,10,3
05-15-2018 19:30:11.4,9,8
05-15-2018 19:30:11.4,10,8
05-15-2018 19:30:11.9,11,3
05-15-2018 19:30:12.4,12,3
05-15-2018 19:30:12.4,12,8
05-15-2018 19:30:12.4,11,8
05-15-2018 19:30:12.4,0,2
05-15-2018 19:30:12.4,0,6
05-15-2018 19:30:12.4,1,2
05-15-2018 19:30:12.4,1,6
05-15-2018 19:30:12.4,31,1
05-15-2018 19:30:12.5,4,6
05-15-2018 19:30:12.5,48,4
05-15-2018 19:30:12.5,64,1
05-15-2018 19:30:12.5,64,3
05-15-2018 19:30:12.6,4,2
05-15-2018 19:30:14.2,82,9
05-15-2018 19:30:14.5,61,1
05-15-2018 19:30:14.5,61,3
05-15-2018 19:30:14.5,32,1
05-15-2018 19:30:14.5,32,5
05-15-2018 19:30:14.8,81,9
05-15-2018 19:30:16.1,82,9
05-15-2018 19:30:16.8,81,9
05-15-2018 19:30:19.7,82,10
05-15-2018 19:30:19.9,82,9
05-15-2018 19:30:20.0,81,10
05-15-2018 19:30:20.5,81,9
05-15-2018 19:30:21.5,46,4
05-15-2018 19:30:21.5,46,8
05-15-2018 19:30:22.1,82,9
05-15-2018 19:30:22.7,81,9
05-15-2018 19:30:24.2,82,5
05-15-2018 19:30:24.8,82,9
05-15-2018 19:30:25.3,81,9
05-15-2018 19:30:26.8,81,5
05-15-2018 19:30:27.3,82,9
05-15-2018 19:30:27.6,81,9
05-15-2018 19:30:31.6,82,4
05-15-2018 19:30:31.6,4,6
05-15-2018 19:30:32.4,3,2
05-15-2018 19:30:32.4,3,6
05-15-2018 19:30:33.7,48,1
05-15-2018 19:30:33.7,48,5
05-15-2018 19:30:34.0,81,4
05-15-2018 19:30:37.4,46,1
05-15-2018 19:30:40.9,82,3
05-15-2018 19:30:40.9,2,3
05-15-2018 19:30:40.9,43,3
05-15-2018 19:30:42.4,46,5
05-15-2018 19:30:47.6,82,4
05-15-2018 19:30:52.5,82,8
05-15-2018 19:30:52.5,2,8
05-15-2018 19:30:52.5,43,8
05-15-2018 19:30:52.8,82,11
05-15-2018 19:30:53.1,81,11
05-15-2018 19:30:55.6,2,4
05-15-2018 19:30:55.6,43,4
05-15-2018 19:30:56.7,150,5
05-15-2018 19:30:56.7,48,2
05-15-2018 19:30:56.7,48,6
05-15-2018 19:30:56.8,150,1
05-15-2018 19:30:57.3,82,9
05-15-2018 19:30:57.6,81,9
05-15-2018 19:30:58.0,82,6
05-15-2018 19:30:58.6,81,6
05-15-2018 19:30:59.7,82,9
05-15-2018 19:31:00.1,81,9
05-15-2018 19:31:01.6,82,9
05-15-2018 19:31:01.7,82,12
05-15-2018 19:31:01.9,81,9
05-15-2018 19:31:02.1,81,12
05-15-2018 19:31:03.4,4,6
05-15-2018 19:31:08.3,82,6
05-15-2018 19:31:09.1,81,6
05-15-2018 19:31:09.9,82,9
05-15-2018 19:31:10.3,81,9
05-15-2018 19:31:11.5,82,11
05-15-2018 19:31:11.8,81,11
05-15-2018 19:31:12.2,82,9
05-15-2018 19:31:12.4,82,12
05-15-2018 19:31:12.6,81,9
05-15-2018 19:31:12.6,81,12
05-15-2018 19:31:13.9,4,6
05-15-2018 19:31:14.5,82,12
05-15-2018 19:31:14.8,81,12
05-15-2018 19:31:16.2,82,11
05-15-2018 19:31:16.5,82,6
05-15-2018 19:31:16.6,81,11
05-15-2018 19:31:17.1,81,6
05-15-2018 19:31:17.3,82,6
05-15-2018 19:31:18.0,81,6
05-15-2018 19:31:19.2,82,11
05-15-2018 19:31:19.6,81,11
05-15-2018 19:31:19.8,82,6
05-15-2018 19:31:20.4,81,6
05-15-2018 19:31:21.4,82,5
05-15-2018 19:31:22.0,82,6
05-15-2018 19:31:22.8,81,6
05-15-2018 19:31:24.8,81,5
05-15-2018 19:31:25.1,82,6
05-15-2018 19:31:25.6,82,9
05-15-2018 19:31:25.8,81,6
05-15-2018 19:31:26.0,81,9
05-15-2018 19:31:26.7,82,11
05-15-2018 19:31:27.1,81,11
05-15-2018 19:31:30.6,4,6
05-15-2018 19:31:34.3,82,1
05-15-2018 19:31:36.0,81,1
05-15-2018 19:31:37.9,82,9
05-15-2018 19:31:37.9,4,2
05-15-2018 19:31:38.1,81,9
05-15-2018 19:31:42.6,82,9
05-15-2018 19:31:42.9,81,9
05-15-2018 19:31:45.7,42,6
05-15-2018 19:31:45.7,46,6
05-15-2018 19:31:45.8,82,10
05-15-2018 19:31:46.0,81,10
05-15-2018 19:31:50.4,82,9
05-15-2018 19:31:50.7,151,3
05-15-2018 19:31:50.7,151,8
05-15-2018 19:31:50.7,7,2
05-15-2018 19:31:50.7,7,6
05-15-2018 19:31:50.7,8,2
05-15-2018 19:31:50.7,8,6
05-15-2018 19:31:50.7,42,2
05-15-2018 19:31:50.7,47,3
05-15-2018 19:31:50.7,47,6
05-15-2018 19:31:50.7,47,8
05-15-2018 19:31:50.7,49,3
05-15-2018 19:31:50.7,49,8
05-15-2018 19:31:50.7,63,1
05-15-2018 19:31:50.7,63,3
05-15-2018 19:31:50.7,33,1
05-15-2018 19:31:50.7,33,5
05-15-2018 19:31:50.8,151,1
05-15-2018 19:31:50.8,151,4
05-15-2018 19:31:50.8,151,5
05-15-2018 19:31:50.8,151,7
05-15-2018 19:31:50.8,2,2
05-15-2018 19:31:50.8,2,6
05-15-2018 19:31:50.8,47,1
05-15-2018 19:31:50.8,47,4
05-15-2018 19:31:50.8,47,5
05-15-2018 19:31:50.8,49,1
05-15-2018 19:31:50.8,49,4
05-15-2018 19:31:50.8,49,5
05-15-2018 19:31:50.9,81,9
05-15-2018 19:31:55.2,82,11
05-15-2018 19:31:55.5,81,11
05-15-2018 19:31:55.6,82,5
05-15-2018 19:31:55.6,2,5
05-15-2018 19:31:55.6,43,5
05-15-2018 19:31:55.7,9,2
05-15-2018 19:31:55.7,9,6
05-15-2018 19:31:55.7,10,2
05-15-2018 19:31:55.7,10,6
05-15-2018 19:31:55.7,65,1
05-15-2018 19:31:55.7,65,3
05-15-2018 19:31:56.7,12,2
05-15-2018 19:31:56.7,12,6
05-15-2018 19:31:56.7,11,2
05-15-2018 19:31:56.7,11,6
05-15-2018 19:31:56.7,0,3
05-15-2018 19:31:56.7,0,8
05-15-2018 19:31:56.7,1,3
05-15-2018 19:31:56.7,1,8
05-15-2018 19:31:56.7,31,1
05-15-2018 19:31:56.8,49,2
05-15-2018 19:31:56.8,49,6
05-15-2018 19:31:56.8,48,3
05-15-2018 19:31:56.8,48,8
05-15-2018 19:31:56.8,41,2
05-15-2018 19:31:56.8,41,6
05-15-2018 19:32:00.7,3,3
05-15-2018 19:32:02.7,3,8
05-15-2018 19:32:03.3,82,6
05-15-2018 19:32:03.5,81,3
05-15-2018 19:32:03.5,81,8
05-15-2018 19:32:03.5,44,3
05-15-2018 19:32:03.5,44,8
05-15-2018 19:32:03.7,82,8
05-15-2018 19:32:03.7,43,8
05-15-2018 19:32:05.2,46,3
05-15-2018 19:32:06.2,81,8
05-15-2018 19:32:06.2,44,8
05-15-2018 19:32:06.3,7,3
05-15-2018 19:32:06.3,8,3
05-15-2018 19:32:06.3,4,3
05-15-2018 19:32:06.8,82,12
05-15-2018 19:32:07.1,81,12
05-15-2018 19:32:07.5,82,8
05-15-2018 19:32:07.5,43,8
05-15-2018 19:32:08.0,81,6
05-15-2018 19:32:09.3,9,3
05-15-2018 19:32:09.3,10,3
05-15-2018 19:32:09.8,81,8
05-15-2018 19:32:09.8,44,8
05-15-2018 19:32:10.3,12,3
05-15-2018 19:32:10.3,11,3
05-15-2018 19:32:10.3,0,4
05-15-2018 19:32:10.3,1,4
05-15-2018 19:32:12.6,4,8
05-15-2018 19:32:13.9,81,4
05-15-2018 19:32:13.9,44,4
05-15-2018 19:32:14.5,48,4
05-15-2018 19:32:15.7,82,6
05-15-2018 19:32:16.3,3,4
05-15-2018 19:32:17.7,7,4
05-15-2018 19:32:17.7,7,8
05-15-2018 19:32:17.7,8,4
05-15-2018 19:32:17.7,8,8
05-15-2018 19:32:17.7,4,4
05-15-2018 19:32:18.7,82,8
05-15-2018 19:32:18.7,2,8
05-15-2018 19:32:18.7,43,8
05-15-2018 19:32:20.9,81,8
05-15-2018 19:32:20.9,44,8
05-15-2018 19:32:21.2,9,4
05-15-2018 19:32:21.2,9,8
05-15-2018 19:32:21.2,10,4
05-15-2018 19:32:21.2,10,8
05-15-2018 19:32:22.2,12,4
05-15-2018 19:32:22.2,12,8
05-15-2018 19:32:22.2,11,4
05-15-2018 19:32:22.2,11,8
05-15-2018 19:32:22.2,0,2
05-15-2018 19:32:22.2,0,5
05-15-2018 19:32:22.2,1,2
05-15-2018 19:32:22.2,1,5
05-15-2018 19:32:22.2,61,3
05-15-2018 19:32:22.2,31,1
05-15-2018 19:32:22.3,64,1
05-15-2018 19:32:22.4,4,2
05-15-2018 19:32:24.3,61,1
05-15-2018 19:32:24.3,32,1
05-15-2018 19:32:25.6,46,8
05-15-2018 19:32:25.7,46,4
05-15-2018 19:32:26.2,3,5
05-15-2018 19:32:26.4,81,5
05-15-2018 19:32:26.4,44,5
05-15-2018 19:32:28.2,7,5
05-15-2018 19:32:28.2,8,5
05-15-2018 19:32:28.2,4,5
05-15-2018 19:32:28.2,63,3
05-15-2018 19:32:31.0,82,4
05-15-2018 19:32:31.2,9,5
05-15-2018 19:32:31.2,10,5
05-15-2018 19:32:31.2,65,3
05-15-2018 19:32:32.2,12,5
05-15-2018 19:32:32.2,11,5
05-15-2018 19:32:32.2,0,6
05-15-2018 19:32:32.2,1,6
05-15-2018 19:32:32.3,64,3
05-15-2018 19:32:32.7,81,4
05-15-2018 19:32:34.3,61,3
05-15-2018 19:32:34.3,32,5
05-15-2018 19:32:37.5,81,6
05-15-2018 19:32:37.5,82,9
05-15-2018 19:32:37.9,81,9
05-15-2018 19:32:37.9,48,1
05-15-2018 19:32:37.9,48,5
05-15-2018 19:32:42.2,3,2
05-15-2018 19:32:42.3,4,6
05-15-2018 19:32:42.4,82,9
05-15-2018 19:32:42.6,46,1
05-15-2018 19:32:42.8,81,9
05-15-2018 19:32:43.8,82,10
05-15-2018 19:32:44.1,81,10
05-15-2018 19:32:45.6,82,11
05-15-2018 19:32:45.8,81,11
05-15-2018 19:32:46.6,82,9
05-15-2018 19:32:46.9,81,9
05-15-2018 19:32:47.6,46,5
05-15-2018 19:32:48.2,82,10
05-15-2018 19:32:48.6,81,10
05-15-2018 19:32:51.0,82,6
05-15-2018 19:32:51.8,81,6
05-15-2018 19:32:51.9,82,9
05-15-2018 19:32:52.2,3,6
05-15-2018 19:32:52.3,81,9
05-15-2018 19:32:56.6,4,6
05-15-2018 19:32:56.7,150,5
05-15-2018 19:32:56.7,48,2
05-15-2018 19:32:56.7,48,6
05-15-2018 19:32:56.8,150,1
05-15-2018 19:32:57.4,82,10
05-15-2018 19:32:57.8,81,10
05-15-2018 19:32:59.7,82,10
05-15-2018 19:33:00.3,81,10
05-15-2018 19:33:02.2,82,9
05-15-2018 19:33:02.7,81,9
05-15-2018 19:33:04.5,82,10
05-15-2018 19:33:05.0,81,10
05-15-2018 19:33:07.5,82,4
05-15-2018 19:33:08.0,82,9
05-15-2018 19:33:08.5,81,9
05-15-2018 19:33:15.5,2,4
05-15-2018 19:33:15.5,43,4
05-15-2018 19:33:16.8,82,11
05-15-2018 19:33:17.2,81,11
05-15-2018 19:33:19.3,82,9
05-15-2018 19:33:19.5,81,9
05-15-2018 19:33:19.8,82,12
05-15-2018 19:33:20.1,81,12
05-15-2018 19:33:21.2,82,9
05-15-2018 19:33:21.8,81,9
05-15-2018 19:33:22.1,82,12
05-15-2018 19:33:22.7,81,12
05-15-2018 19:33:23.5,82,6
05-15-2018 19:33:24.4,81,6
05-15-2018 19:33:24.4,82,12
05-15-2018 19:33:24.7,81,12
05-15-2018 19:33:24.8,82,11
05-15-2018 19:33:25.2,81,11
05-15-2018 19:33:25.9,82,9
05-15-2018 19:33:26.2,82,6
05-15-2018 19:33:26.3,81,9
05-15-2018 19:33:26.9,81,6
05-15-2018 19:33:29.1,82,6
05-15-2018 19:33:29.5,82,9
05-15-2018 19:33:29.6,82,11
05-15-2018 19:33:29.8,82,8
05-15-2018 19:33:29.8,2,8
05-15-2018 19:33:29.8,43,8
05-15-2018 19:33:29.9,81,6
05-15-2018 19:33:29.9,81,9
05-15-2018 19:33:29.9,81,11
05-15-2018 19:33:30.0,82,6
05-15-2018 19:33:30.7,81,6
05-15-2018 19:33:31.3,82,6
05-15-2018 19:33:32.1,81,6
05-15-2018 19:33:34.4,82,11
05-15-2018 19:33:34.8,81,11
05-15-2018 19:33:35.5,82,6
05-15-2018 19:33:36.2,81,6
05-15-2018 19:33:40.7,81,8
05-15-2018 19:33:40.7,44,8
05-15-2018 19:33:40.8,82,9
05-15-2018 19:33:40.9,82,6
05-15-2018 19:33:41.1,81,9
05-15-2018 19:33:41.8,81,6
05-15-2018 19:33:41.9,82,10
05-15-2018 19:33:42.3,81,10
05-15-2018 19:33:43.5,82,12
05-15-2018 19:33:43.8,81,12
05-15-2018 19:33:45.7,42,6
05-15-2018 19:33:45.7,46,6
05-15-2018 19:33:46.6,4,6
05-15-2018 19:33:47.6,82,11
05-15-2018 19:33:48.0,81,11
05-15-2018 19:33:48.7,82,6
05-15-2018 19:33:48.7,43,6
05-15-2018 19:33:49.3,81,6
05-15-2018 19:33:49.3,44,6
05-15-2018 19:33:50.7,151,3
05-15-2018 19:33:50.7,151,8
05-15-2018 19:33:50.7,42,2
05-15-2018 19:33:50.7,47,3
05-15-2018 19:33:50.7,47,6
05-15-2018 19:33:50.7,47,8
05-15-2018 19:33:50.7,49,3
05-15-2018 19:33:50.7,49,8
05-15-2018 19:33:50.9,48,3
05-15-2018 19:33:50.9,48,8
05-15-2018 19:33:54.1,4,6
05-15-2018 19:33:54.4,82,6
05-15-2018 19:33:55.2,81,6
05-15-2018 19:33:56.8,82,11
05-15-2018 19:33:57.2,81,11
05-15-2018 19:33:58.2,82,9
05-15-2018 19:33:58.6,81,9
05-15-2018 19:34:00.0,4,6
05-15-2018 19:34:01.3,82,9
05-15-2018 19:34:01.8,81,9
05-15-2018 19:34:01.8,46,3
05-15-2018 19:34:02.8,82,6
05-15-2018 19:34:03.6,81,6
05-15-2018 19:34:03.8,82,10
05-15-2018 19:34:04.3,81,10
05-15-2018 19:34:06.1,82,10
05-15-2018 19:34:06.4,81,10
05-15-2018 19:34:08.4,4,6
05-15-2018 19:34:09.1,82,10
05-15-2018 19:34:09.4,81,10
05-15-2018 19:34:12.8,151,4
05-15-2018 19:34:12.8,7,2
05-15-2018 19:34:12.8,7,6
05-15-2018 19:34:12.8,8,2
05-15-2018 19:34:12.8,8,6
05-15-2018 19:34:12.8,47,4
05-15-2018 19:34:12.8,49,4
05-15-2018 19:34:12.8,63,1
05-15-2018 19:34:12.8,63,3
05-15-2018 19:34:12.8,33,1
05-15-2018 19:34:12.8,33,5
05-15-2018 19:34:12.9,151,1
05-15-2018 19:34:12.9,151,5
05-15-2018 19:34:12.9,151,7
05-15-2018 19:34:12.9,2,2
05-15-2018 19:34:12.9,2,6
05-15-2018 19:34:12.9,47,1
05-15-2018 19:34:12.9,47,5
05-15-2018 19:34:12.9,49,1
05-15-2018 19:34:12.9,49,5
05-15-2018 19:34:13.2,82,5
05-15-2018 19:34:13.2,82,11
05-15-2018 19:34:13.2,2,5
05-15-2018 19:34:13.2,43,5
05-15-2018 19:34:13.5,81,11
05-15-2018 19:34:15.9,82,11
05-15-2018 19:34:16.2,81,11
05-15-2018 19:34:17.4,82,9
05-15-2018 19:34:17.8,81,9
05-15-2018 19:34:17.8,9,2
05-15-2018 19:34:17.8,9,6
05-15-2018 19:34:17.8,10,2
05-15-2018 19:34:17.8,10,6
05-15-2018 19:34:17.8,65,1
05-15-2018 19:34:17.8,65,3
05-15-2018 19:34:18.8,12,2
05-15-2018 19:34:18.8,12,6
05-15-2018 19:34:18.8,11,2
05-15-2018 19:34:18.8,11,6
05-15-2018 19:34:18.8,0,4
05-15-2018 19:34:18.8,0,8
05-15-2018 19:34:18.8,1,4
05-15-2018 19:34:18.8,1,8
05-15-2018 19:34:18.8,31,1
05-15-2018 19:34:18.9,4,8
05-15-2018 19:34:18.9,49,2
05-15-2018 19:34:18.9,49,6
05-15-2018 19:34:18.9,48,4
05-15-2018 19:34:18.9,41,2
05-15-2018 19:34:18.9,41,6
05-15-2018 19:34:20.3,82,6
05-15-2018 19:34:23.1,81,4
05-15-2018 19:34:23.1,44,4
05-15-2018 19:34:24.0,82,12
05-15-2018 19:34:24.3,81,12
05-15-2018 19:34:24.4,82,10
05-15-2018 19:34:24.8,81,10
05-15-2018 19:34:24.8,3,4
05-15-2018 19:34:24.8,3,8
05-15-2018 19:34:25.6,46,4
05-15-2018 19:34:25.6,46,8
05-15-2018 19:34:26.3,82,4
05-15-2018 19:34:26.3,43,4
05-15-2018 19:34:27.6,81,4
05-15-2018 19:34:27.6,44,4
05-15-2018 19:34:31.4,7,4
05-15-2018 19:34:31.4,7,8
05-15-2018 19:34:31.4,8,4
05-15-2018 19:34:31.4,8,8
05-15-2018 19:34:31.4,4,4
05-15-2018 19:34:34.9,9,4
05-15-2018 19:34:34.9,9,8
05-15-2018 19:34:34.9,10,4
05-15-2018 19:34:34.9,10,8
05-15-2018 19:34:35.9,12,4
05-15-2018 19:34:35.9,12,8
05-15-2018 19:34:35.9,11,4
05-15-2018 19:34:35.9,11,8
05-15-2018 19:34:35.9,0,2
05-15-2018 19:34:35.9,0,5
05-15-2018 19:34:35.9,1,2
05-15-2018 19:34:35.9,1,5
05-15-2018 19:34:35.9,61,3
05-15-2018 19:34:35.9,31,1
05-15-2018 19:34:36.0,64,1
05-15-2018 19:34:36.1,4,2
05-15-2018 19:34:36.4,48,1
05-15-2018 19:34:36.4,48,5
05-15-2018 19:34:37.0,82,9
05-15-2018 19:34:37.4,81,9
05-15-2018 19:34:37.8,82,3
05-15-2018 19:34:37.8,2,3
05-15-2018 19:34:37.8,43,3
05-15-2018 19:34:38.0,61,1
05-15-2018 19:34:38.0,32,1
05-15-2018 19:34:38.9,81,5
05-15-2018 19:34:38.9,44,5
05-15-2018 19:34:39.9,3,5
05-15-2018 19:34:40.7,7,5
05-15-2018 19:34:40.7,8,5
05-15-2018 19:34:40.7,4,5
05-15-2018 19:34:40.7,63,3
05-15-2018 19:34:41.1,46,1
05-15-2018 19:34:43.5,82,4
05-15-2018 19:34:43.7,82,9
05-15-2018 19:34:43.7,9,5
05-15-2018 19:34:43.7,10,5
05-15-2018 19:34:43.7,65,3
05-15-2018 19:34:44.0,81,9
05-15-2018 19:34:44.7,12,5
05-15-2018 19:34:44.7,11,5
05-15-2018 19:34:44.7,0,6
05-15-2018 19:34:44.7,1,6
05-15-2018 19:34:44.8,81,4
05-15-2018 19:34:44.8,64,3
05-15-2018 19:34:46.1,46,5
05-15-2018 19:34:46.8,61,3
05-15-2018 19:34:46.8,32,5
05-15-2018 19:34:47.3,82,8
05-15-2018 19:34:47.3,2,8
05-15-2018 19:34:47.3,43,8
05-15-2018 19:34:51.3,81,6
05-15-2018 19:34:52.4,81,8
05-15-2018 19:34:52.4,44,8
05-15-2018 19:34:53.2,82,11
05-15-2018 19:34:53.7,81,11
05-15-2018 19:34:55.2,82,10
05-15-2018 19:34:55.5,81,10
05-15-2018 19:34:55.9,3,2
05-15-2018 19:34:56.1,4,6
05-15-2018 19:34:56.7,150,5
05-15-2018 19:34:56.7,48,2
05-15-2018 19:34:56.7,48,6
05-15-2018 19:34:56.8,150,1
05-15-2018 19:34:58.5,82,11
05-15-2018 19:34:58.8,81,11
05-15-2018 19:35:00.1,82,6
05-15-2018 19:35:00.2,82,9
05-15-2018 19:35:00.5,81,9
05-15-2018 19:35:01.0,81,6
05-15-2018 19:35:04.3,82,11
05-15-2018 19:35:04.7,81,11
05-15-2018 19:35:04.7,3,6
05-15-2018 19:35:04.8,82,5
05-15-2018 19:35:05.0,82,6
05-15-2018 19:35:05.8,81,6
05-15-2018 19:35:08.1,81,5
05-15-2018 19:35:09.7,82,11
05-15-2018 19:35:10.2,81,11
05-15-2018 19:35:10.6,82,4
05-15-2018 19:35:12.8,82,1
05-15-2018 19:35:12.9,4,6
05-15-2018 19:35:14.4,81,1
05-15-2018 19:35:14.9,82,12
05-15-2018 19:35:15.2,81,12
05-15-2018 19:35:16.3,82,6
05-15-2018 19:35:16.7,4,2
05-15-2018 19:35:17.2,81,6
05-15-2018 19:35:18.6,2,4
05-15-2018 19:35:18.6,43,4
05-15-2018 19:35:20.1,82,10
05-15-2018 19:35:20.4,82,6
05-15-2018 19:35:20.5,81,10
05-15-2018 19:35:21.0,81,6
05-15-2018 19:35:21.0,82,9
05-15-2018 19:35:21.3,81,9
05-15-2018 19:35:23.8,82,12
05-15-2018 19:35:24.1,81,12
05-15-2018 19:35:25.8,4,6
05-15-2018 19:35:26.8,82,11
05-15-2018 19:35:27.2,81,11
05-15-2018 19:35:28.2,82,6
05-15-2018 19:35:28.5,82,11
05-15-2018 19:35:28.8,81,6
05-15-2018 19:35:28.9,81,11
05-15-2018 19:35:32.2,82,6
05-15-2018 19:35:32.7,82,10
05-15-2018 19:35:32.7,82,12
05-15-2018 19:35:32.9,81,6
05-15-2018 19:35:33.0,81,10
05-15-2018 19:35:33.1,81,12
05-15-2018 19:35:33.9,82,6
05-15-2018 19:35:34.3,82,10
05-15-2018 19:35:34.6,81,6
05-15-2018 19:35:34.6,81,10
05-15-2018 19:35:36.6,82,9
05-15-2018 19:35:36.6,82,11
05-15-2018 19:35:36.7,82,12
05-15-2018 19:35:36.9,81,9
05-15-2018 19:35:36.9,81,11
05-15-2018 19:35:37.0,81,12
05-15-2018 19:35:38.6,82,6
05-15-2018 19:35:39.4,81,6
05-15-2018 19:35:40.1,82,10
05-15-2018 19:35:40.5,81,10
05-15-2018 19:35:42.2,82,6
05-15-2018 19:35:43.1,81,6
05-15-2018 19:35:45.3,82,9
05-15-2018 19:35:45.5,81,9
05-15-2018 19:35:45.7,42,6
05-15-2018 19:35:45.7,46,6
05-15-2018 19:35:47.9,4,6
05-15-2018 19:35:48.1,82,10
05-15-2018 19:35:48.3,82,6
05-15-2018 19:35:48.3,43,6
05-15-2018 19:35:48.5,81,10
05-15-2018 19:35:49.3,81,6
05-15-2018 19:35:49.3,44,6
05-15-2018 19:35:50.2,82,11
05-15-2018 19:35:50.5,82,9
05-15-2018 19:35:50.6,81,11
05-15-2018 19:35:50.7,151,3
05-15-2018 19:35:50.7,151,8
05-15-2018 19:35:50.7,7,2
05-15-2018 19:35:50.7,7,6
05-15-2018 19:35:50.7,8,2
05-15-2018 19:35:50.7,8,6
05-15-2018 19:35:50.7,42,2
05-15-2018 19:35:50.7,47,3
05-15-2018 19:35:50.7,47,6
05-15-2018 19:35:50.7,47,8
05-15-2018 19:35:50.7,49,3
05-15-2018 19:35:50.7,49,8
05-15-2018 19:35:50.7,63,1
05-15-2018 19:35:50.7,63,3
05-15-2018 19:35:50.7,33,1
05-15-2018 19:35:50.7,33,5
05-15-2018 19:35:50.8,81,9
05-15-2018 19:35:50.8,151,1
05-15-2018 19:35:50.8,151,4
05-15-2018 19:35:50.8,151,5
05-15-2018 19:35:50.8,151,7
05-15-2018 19:35:50.8,2,2
05-15-2018 19:35:50.8,2,6
05-15-2018 19:35:50.8,47,1
05-15-2018 19:35:50.8,47,4
05-15-2018 19:35:50.8,47,5
05-15-2018 19:35:50.8,49,1
05-15-2018 19:35:50.8,49,4
05-15-2018 19:35:50.8,49,5
05-15-2018 19:35:51.7,82,9
05-15-2018 19:35:51.9,82,10
05-15-2018 19:35:52.0,81,9
05-15-2018 19:35:52.3,81,10
05-15-2018 19:35:55.7,9,2
05-15-2018 19:35:55.7,9,6
05-15-2018 19:35:55.7,10,2
05-15-2018 19:35:55.7,10,6
05-15-2018 19:35:55.7,65,1
05-15-2018 19:35:55.7,65,3
05-15-2018 19:35:56.7,12,2
05-15-2018 19:35:56.7,12,6
05-15-2018 19:35:56.7,11,2
05-15-2018 19:35:56.7,11,6
05-15-2018 19:35:56.7,0,3
05-15-2018 19:35:56.7,0,8
05-15-2018 19:35:56.7,1,3
05-15-2018 19:35:56.7,1,8
05-15-2018 19:35:56.7,31,1
05-15-2018 19:35:56.8,4,8
05-15-2018 19:35:56.8,49,2
05-15-2018 19:35:56.8,49,6
05-15-2018 19:35:56.8,48,3
05-15-2018 19:35:56.8,48,8
05-15-2018 19:35:56.8,41,2
05-15-2018 19:35:56.8,41,6
05-15-2018 19:35:57.8,82,6
05-15-2018 19:36:00.7,3,3
05-15-2018 19:36:02.7,3,8
05-15-2018 19:36:05.2,46,3
05-15-2018 19:36:05.7,82,11
05-15-2018 19:36:05.9,81,3
05-15-2018 19:36:05.9,44,3
05-15-2018 19:36:06.2,81,11
05-15-2018 19:36:08.7,7,3
05-15-2018 19:36:08.7,8,3
05-15-2018 19:36:08.7,4,3
05-15-2018 19:36:11.7,9,3
05-15-2018 19:36:11.7,10,3
05-15-2018 19:36:12.7,12,3
05-15-2018 19:36:12.7,11,3
05-15-2018 19:36:12.7,0,4
05-15-2018 19:36:12.7,1,4
05-15-2018 19:36:12.8,82,9
05-15-2018 19:36:13.2,81,9
05-15-2018 19:36:14.5,48,4
05-15-2018 19:36:16.3,81,4
05-15-2018 19:36:16.3,44,4
05-15-2018 19:36:17.8,82,1
05-15-2018 19:36:17.8,2,1
05-15-2018 19:36:17.8,43,1
05-15-2018 19:36:18.7,3,4
05-15-2018 19:36:20.1,7,4
05-15-2018 19:36:20.1,7,8
05-15-2018 19:36:20.1,8,4
05-15-2018 19:36:20.1,8,8
05-15-2018 19:36:20.1,4,4
05-15-2018 19:36:22.4,82,8
05-15-2018 19:36:22.4,2,8
05-15-2018 19:36:22.4,43,8
05-15-2018 19:36:23.6,9,4
05-15-2018 19:36:23.6,9,8
05-15-2018 19:36:23.6,10,4
05-15-2018 19:36:23.6,10,8
05-15-2018 19:36:24.2,81,8
05-15-2018 19:36:24.2,44,8
05-15-2018 19:36:24.6,82,4
05-15-2018 19:36:24.6,12,4
05-15-2018 19:36:24.6,12,8
05-15-2018 19:36:24.6,11,4
05-15-2018 19:36:24.6,11,8
05-15-2018 19:36:24.6,0,1
05-15-2018 19:36:24.6,0,6
05-15-2018 19:36:24.6,1,1
05-15-2018 19:36:24.6,1,6
05-15-2018 19:36:24.6,61,1
05-15-2018 19:36:24.6,31,1
05-15-2018 19:36:24.7,64,3
05-15-2018 19:36:25.6,46,8
05-15-2018 19:36:25.7,46,4
05-15-2018 19:36:26.7,61,3
05-15-2018 19:36:26.7,32,5
05-15-2018 19:36:26.8,82,10
05-15-2018 19:36:27.2,81,10
05-15-2018 19:36:27.4,82,3
05-15-2018 19:36:27.4,2,3
05-15-2018 19:36:27.4,43,3
05-15-2018 19:36:27.8,81,1
05-15-2018 19:36:27.8,44,1
05-15-2018 19:36:27.9,81,6
05-15-2018 19:36:28.6,3,1
05-15-2018 19:36:29.6,7,1
05-15-2018 19:36:29.6,8,1
05-15-2018 19:36:29.6,4,1
05-15-2018 19:36:29.6,63,1
05-15-2018 19:36:32.6,9,1
05-15-2018 19:36:32.6,10,1
05-15-2018 19:36:32.6,2,4
05-15-2018 19:36:32.6,43,4
05-15-2018 19:36:32.6,65,1
05-15-2018 19:36:32.7,4,6
05-15-2018 19:36:33.6,12,1
05-15-2018 19:36:33.6,11,1
05-15-2018 19:36:33.6,0,2
05-15-2018 19:36:33.6,1,2
05-15-2018 19:36:33.7,64,1
05-15-2018 19:36:33.8,4,2
05-15-2018 19:36:34.4,82,9
05-15-2018 19:36:34.9,81,9
05-15-2018 19:36:35.7,61,1
05-15-2018 19:36:35.7,32,1
05-15-2018 19:36:36.7,82,10
05-15-2018 19:36:37.4,81,10
05-15-2018 19:36:37.8,48,1
05-15-2018 19:36:37.8,48,5
05-15-2018 19:36:39.4,82,9
05-15-2018 19:36:39.9,81,9
05-15-2018 19:36:40.9,82,10
05-15-2018 19:36:41.3,81,10
05-15-2018 19:36:42.5,46,1
05-15-2018 19:36:44.6,3,6
05-15-2018 19:36:46.2,82,5
05-15-2018 19:36:46.5,82,9
05-15-2018 19:36:46.6,82,12
05-15-2018 19:36:46.8,81,12
05-15-2018 19:36:46.9,81,9
05-15-2018 19:36:47.5,46,5
05-15-2018 19:36:48.0,81,5
05-15-2018 19:36:48.1,82,12
05-15-2018 19:36:48.4,81,12
05-15-2018 19:36:49.6,82,10
05-15-2018 19:36:49.7,82,9
05-15-2018 19:36:50.1,81,9
05-15-2018 19:36:50.1,81,10
05-15-2018 19:36:52.1,82,6
05-15-2018 19:36:52.7,81,6
05-15-2018 19:36:53.5,82,6
05-15-2018 19:36:53.6,3,2
05-15-2018 19:36:53.9,82,9
05-15-2018 19:36:54.1,81,6
05-15-2018 19:36:54.5,81,9
05-15-2018 19:36:56.6,82,9
05-15-2018 19:36:56.7,150,5
05-15-2018 19:36:56.7,48,2
05-15-2018 19:36:56.7,48,6
05-15-2018 19:36:56.8,150,1
05-15-2018 19:36:57.0,81,9
05-15-2018 19:36:58.9,4,6
05-15-2018 19:36:59.0,82,12
05-15-2018 19:36:59.3,82,10
05-15-2018 19:36:59.8,81,10
05-15-2018 19:36:59.8,82,11
05-15-2018 19:36:59.9,82,9
05-15-2018 19:37:00.0,81,12
05-15-2018 19:37:00.1,81,11
05-15-2018 19:37:00.4,81,9
05-15-2018 19:37:02.1,82,10
05-15-2018 19:37:02.8,81,10
05-15-2018 19:37:04.9,82,10
05-15-2018 19:37:05.4,81,10
05-15-2018 19:37:05.9,82,8
05-15-2018 19:37:05.9,2,8
05-15-2018 19:37:05.9,43,8
05-15-2018 19:37:07.8,82,10
05-15-2018 19:37:08.0,82,1
05-15-2018 19:37:08.4,81,10
05-15-2018 19:37:10.5,82,6
05-15-2018 19:37:11.9,82,9
05-15-2018 19:37:12.5,81,9
05-15-2018 19:37:13.2,81,6
05-15-2018 19:37:14.2,82,9
05-15-2018 19:37:14.7,81,9
05-15-2018 19:37:16.2,82,9
05-15-2018 19:37:17.1,82,11
05-15-2018 19:37:17.3,81,9
05-15-2018 19:37:17.4,81,11
05-15-2018 19:37:18.0,4,6
05-15-2018 19:37:23.0,82,9
05-15-2018 19:37:23.2,82,6
05-15-2018 19:37:23.6,81,9
05-15-2018 19:37:24.0,81,6
05-15-2018 19:37:24.0,82,10
05-15-2018 19:37:24.3,82,12
05-15-2018 19:37:24.5,81,10
05-15-2018 19:37:24.7,81,12
05-15-2018 19:37:25.7,82,11
05-15-2018 19:37:25.9,81,11
05-15-2018 19:37:28.5,82,11
05-15-2018 19:37:28.8,4,6
05-15-2018 19:37:28.9,81,11
05-15-2018 19:37:30.3,82,12
05-15-2018 19:37:30.5,81,12
05-15-2018 19:37:31.1,82,6
05-15-2018 19:37:32.0,81,6
05-15-2018 19:37:32.0,82,9
05-15-2018 19:37:32.5,81,9
05-15-2018 19:37:33.8,82,10
05-15-2018 19:37:34.3,81,10
05-15-2018 19:37:35.0,82,6
05-15-2018 19:37:36.3,81,6
05-15-2018 19:37:38.8,82,11
05-15-2018 19:37:39.2,81,11
05-15-2018 19:37:40.5,82,11
05-15-2018 19:37:41.0,81,11
05-15-2018 19:37:41.1,4,6
05-15-2018 19:37:45.7,42,6
05-15-2018 19:37:45.7,46,6
05-15-2018 19:37:45.9,81,1
05-15-2018 19:37:47.8,4,2
05-15-2018 19:37:49.5,82,6
05-15-2018 19:37:49.6,82,1
05-15-2018 19:37:50.4,81,6
05-15-2018 19:37:50.7,42,2
05-15-2018 19:37:50.7,46,2
05-15-2018 19:37:52.8,82,9
05-15-2018 19:37:53.3,81,9
05-15-2018 19:37:55.2,4,6
05-15-2018 19:37:55.7,81,1
05-15-2018 19:37:55.7,151,3
05-15-2018 19:37:55.7,151,8
05-15-2018 19:37:55.7,7,2
05-15-2018 19:37:55.7,7,6
05-15-2018 19:37:55.7,8,2
05-15-2018 19:37:55.7,8,6
05-15-2018 19:37:55.7,47,2
05-15-2018 19:37:55.7,47,3
05-15-2018 19:37:55.7,47,6
05-15-2018 19:37:55.7,47,8
05-15-2018 19:37:55.7,49,3
05-15-2018 19:37:55.7,49,8
05-15-2018 19:37:55.7,63,1
05-15-2018 19:37:55.7,63,3
05-15-2018 19:37:55.7,33,1
05-15-2018 19:37:55.7,33,5
05-15-2018 19:37:55.8,151,1
05-15-2018 19:37:55.8,151,4
05-15-2018 19:37:55.8,151,5
05-15-2018 19:37:55.8,151,7
05-15-2018 19:37:55.8,2,2
05-15-2018 19:37:55.8,2,6
05-15-2018 19:37:55.8,47,1
05-15-2018 19:37:55.8,47,4
05-15-2018 19:37:55.8,47,5
05-15-2018 19:37:55.8,49,1
05-15-2018 19:37:55.8,49,4
05-15-2018 19:37:55.8,49,5
05-15-2018 19:37:58.7,82,12
05-15-2018 19:37:59.0,81,12
05-15-2018 19:38:00.6,82,12
05-15-2018 19:38:00.7,9,2
05-15-2018 19:38:00.7,9,6
05-15-2018 19:38:00.7,10,2
05-15-2018 19:38:00.7,10,6
05-15-2018 19:38:00.7,65,1
05-15-2018 19:38:00.7,65,3
05-15-2018 19:38:00.9,82,11
05-15-2018 19:38:01.0,81,12
05-15-2018 19:38:01.4,81,11
05-15-2018 19:38:01.7,12,2
05-15-2018 19:38:01.7,12,6
05-15-2018 19:38:01.7,11,2
05-15-2018 19:38:01.7,11,6
05-15-2018 19:38:01.7,0,3
05-15-2018 19:38:01.7,0,8
05-15-2018 19:38:01.7,1,3
05-15-2018 19:38:01.7,1,8
05-15-2018 19:38:01.7,31,1
05-15-2018 19:38:01.8,49,2
05-15-2018 19:38:01.8,49,6
05-15-2018 19:38:01.8,48,3
05-15-2018 19:38:01.8,48,8
05-15-2018 19:38:01.8,41,2
05-15-2018 19:38:01.8,41,6
05-15-2018 19:38:05.7,3,3
05-15-2018 19:38:07.7,3,8
05-15-2018 19:38:07.9,46,3
05-15-2018 19:38:08.0,82,9
05-15-2018 19:38:08.1,82,10
05-15-2018 19:38:08.5,81,8
05-15-2018 19:38:08.5,44,8
05-15-2018 19:38:08.6,81,9
05-15-2018 19:38:08.7,81,3
05-15-2018 19:38:08.7,44,3
05-15-2018 19:38:09.0,82,3
05-15-2018 19:38:09.0,43,3
05-15-2018 19:38:09.2,81,10
05-15-2018 19:38:09.3,82,6
05-15-2018 19:38:11.3,4,8
05-15-2018 19:38:11.7,81,3
05-15-2018 19:38:11.7,44,3
05-15-2018 19:38:13.5,82,3
05-15-2018 19:38:13.5,43,3
05-15-2018 19:38:15.5,81,3
05-15-2018 19:38:15.5,44,3
05-15-2018 19:38:17.4,7,3
05-15-2018 19:38:17.4,8,3
05-15-2018 19:38:17.4,6,3
05-15-2018 19:38:20.4,9,3
05-15-2018 19:38:20.4,10,3
05-15-2018 19:38:21.4,12,3
05-15-2018 19:38:21.4,11,3
05-15-2018 19:38:21.4,0,4
05-15-2018 19:38:21.4,1,4
05-15-2018 19:38:21.5,48,4
05-15-2018 19:38:26.1,82,10
05-15-2018 19:38:26.4,46,8
05-15-2018 19:38:26.8,46,4
05-15-2018 19:38:27.0,81,10
05-15-2018 19:38:27.4,3,4
05-15-2018 19:38:29.3,82,3
05-15-2018 19:38:29.3,2,3
05-15-2018 19:38:29.3,43,3
05-15-2018 19:38:29.4,81,4
05-15-2018 19:38:29.4,44,4
05-15-2018 19:38:29.5,82,4
05-15-2018 19:38:29.5,43,4
05-15-2018 19:38:31.7,81,4
05-15-2018 19:38:31.7,44,4
05-15-2018 19:38:32.2,82,4
05-15-2018 19:38:32.2,43,4
05-15-2018 19:38:33.3,82,9
05-15-2018 19:38:33.6,81,9
05-15-2018 19:38:34.1,81,4
05-15-2018 19:38:34.1,44,4
05-15-2018 19:38:36.8,7,4
05-15-2018 19:38:36.8,7,8
05-15-2018 19:38:36.8,8,4
05-15-2018 19:38:36.8,8,8
05-15-2018 19:38:36.8,6,4
05-15-2018 19:38:36.9,6,8
05-15-2018 19:38:40.3,9,4
05-15-2018 19:38:40.3,9,8
05-15-2018 19:38:40.3,10,4
05-15-2018 19:38:40.3,10,8
05-15-2018 19:38:40.9,46,1
05-15-2018 19:38:41.3,12,4
05-15-2018 19:38:41.3,12,8
05-15-2018 19:38:41.3,11,4
05-15-2018 19:38:41.3,11,8
05-15-2018 19:38:41.3,0,2
05-15-2018 19:38:41.3,0,6
05-15-2018 19:38:41.3,1,2
05-15-2018 19:38:41.3,1,6
05-15-2018 19:38:41.3,31,1
05-15-2018 19:38:41.4,48,5
05-15-2018 19:38:41.4,64,1
05-15-2018 19:38:41.4,64,3
05-15-2018 19:38:41.5,4,2
05-15-2018 19:38:43.1,82,11
05-15-2018 19:38:43.4,81,11
05-15-2018 19:38:43.5,61,1
05-15-2018 19:38:43.5,61,3
05-15-2018 19:38:43.5,32,1
05-15-2018 19:38:43.5,32,5
05-15-2018 19:38:46.0,46,5
05-15-2018 19:38:48.1,81,6
05-15-2018 19:38:48.9,82,6
05-15-2018 19:38:49.7,81,6
05-15-2018 19:38:50.7,82,8
05-15-2018 19:38:50.7,2,8
05-15-2018 19:38:50.7,43,8
05-15-2018 19:38:54.3,82,12
05-15-2018 19:38:54.5,4,6
05-15-2018 19:38:54.6,81,12
05-15-2018 19:38:55.0,81,8
05-15-2018 19:38:55.0,44,8
05-15-2018 19:38:55.4,82,8
05-15-2018 19:38:55.4,2,8
05-15-2018 19:38:55.4,43,8
05-15-2018 19:38:56.8,150,5
05-15-2018 19:38:56.8,48,1
05-15-2018 19:38:56.8,48,2
05-15-2018 19:38:56.8,48,6
05-15-2018 19:38:56.9,150,1
05-15-2018 19:38:57.3,82,10
05-15-2018 19:38:57.7,81,10
05-15-2018 19:38:58.0,81,8
05-15-2018 19:38:58.0,44,8
05-15-2018 19:38:59.8,82,6
05-15-2018 19:39:00.5,81,6
05-15-2018 19:39:01.1,82,10
05-15-2018 19:39:01.4,3,2
05-15-2018 19:39:01.4,3,6
05-15-2018 19:39:01.5,81,10
05-15-2018 19:39:04.2,82,4
05-15-2018 19:39:05.0,82,9
05-15-2018 19:39:05.2,81,9
05-15-2018 19:39:05.3,4,6
05-15-2018 19:39:10.5,82,5
05-15-2018 19:39:12.2,2,4
05-15-2018 19:39:12.2,43,4
05-15-2018 19:39:14.0,82,6
05-15-2018 19:39:15.0,81,6
05-15-2018 19:39:16.2,81,5
05-15-2018 19:39:17.1,82,11
05-15-2018 19:39:17.5,81,11
05-15-2018 19:39:18.0,82,9
05-15-2018 19:39:18.2,81,9
05-15-2018 19:39:20.1,82,11
05-15-2018 19:39:20.4,81,11
05-15-2018 19:39:20.7,82,8
05-15-2018 19:39:20.7,2,8
05-15-2018 19:39:20.7,43,8
05-15-2018 19:39:21.0,4,6
05-15-2018 19:39:22.2,82,6
05-15-2018 19:39:22.8,81,6
05-15-2018 19:39:24.2,82,9
05-15-2018 19:39:24.4,81,9
05-15-2018 19:39:24.7,82,11
05-15-2018 19:39:25.3,81,11
05-15-2018 19:39:27.6,4,6
05-15-2018 19:39:27.7,82,1
05-15-2018 19:39:28.0,82,11
05-15-2018 19:39:28.4,81,11
05-15-2018 19:39:29.1,82,11
05-15-2018 19:39:29.4,81,1
05-15-2018 19:39:29.4,81,11
05-15-2018 19:39:30.5,82,6
05-15-2018 19:39:31.3,4,2
05-15-2018 19:39:31.5,81,6
05-15-2018 19:39:31.6,82,11
05-15-2018 19:39:31.9,81,11
05-15-2018 19:39:32.1,81,8
05-15-2018 19:39:32.1,44,8
05-15-2018 19:39:32.2,82,12
05-15-2018 19:39:32.5,81,12
05-15-2018 19:39:32.8,82,11
05-15-2018 19:39:33.3,81,11
05-15-2018 19:39:34.3,82,6
05-15-2018 19:39:35.1,81,6
05-15-2018 19:39:35.3,82,6
05-15-2018 19:39:36.1,81,6
05-15-2018 19:39:36.9,82,11
05-15-2018 19:39:37.3,81,11
05-15-2018 19:39:38.4,82,6
05-15-2018 19:39:38.5,82,9
05-15-2018 19:39:38.9,81,9
05-15-2018 19:39:39.6,82,10
05-15-2018 19:39:40.0,81,10
05-15-2018 19:39:40.5,81,6
05-15-2018 19:39:41.9,82,10
05-15-2018 19:39:42.0,82,9
05-15-2018 19:39:42.3,81,9
05-15-2018 19:39:42.3,81,10
05-15-2018 19:39:42.5,82,6
05-15-2018 19:39:43.2,81,6
05-15-2018 19:39:43.9,82,11
05-15-2018 19:39:44.3,81,11
05-15-2018 19:39:45.5,82,8
05-15-2018 19:39:45.5,2,8
05-15-2018 19:39:45.5,43,8
05-15-2018 19:39:45.8,42,6
05-15-2018 19:39:45.8,46,6
05-15-2018 19:39:48.0,4,6
05-15-2018 19:39:49.5,82,5
05-15-2018 19:39:49.5,43,6
05-15-2018 19:39:49.7,81,8
05-15-2018 19:39:49.7,44,8
05-15-2018 19:39:49.9,82,6
05-15-2018 19:39:50.7,81,6
05-15-2018 19:39:50.8,151,3
05-15-2018 19:39:50.8,151,8
05-15-2018 19:39:50.8,7,2
05-15-2018 19:39:50.8,7,6
05-15-2018 19:39:50.8,8,2
05-15-2018 19:39:50.8,8,6
05-15-2018 19:39:50.8,42,2
05-15-2018 19:39:50.8,44,6
05-15-2018 19:39:50.8,47,3
05-15-2018 19:39:50.8,47,6
05-15-2018 19:39:50.8,47,8
05-15-2018 19:39:50.8,49,3
05-15-2018 19:39:50.8,49,8
05-15-2018 19:39:50.8,63,1
05-15-2018 19:39:50.8,63,3
05-15-2018 19:39:50.8,33,1
05-15-2018 19:39:50.8,33,5
05-15-2018 19:39:50.9,151,1
05-15-2018 19:39:50.9,151,4
05-15-2018 19:39:50.9,151,5
05-15-2018 19:39:50.9,151,7
05-15-2018 19:39:50.9,2,2
05-15-2018 19:39:50.9,2,5
05-15-2018 19:39:50.9,2,6
05-15-2018 19:39:50.9,47,1
05-15-2018 19:39:50.9,47,4
05-15-2018 19:39:50.9,47,5
05-15-2018 19:39:50.9,49,1
05-15-2018 19:39:50.9,49,4
05-15-2018 19:39:50.9,49,5
05-15-2018 19:39:50.9,43,5
05-15-2018 19:39:54.3,82,9
05-15-2018 19:39:54.6,81,9
05-15-2018 19:39:54.6,82,12
05-15-2018 19:39:54.9,81,12
05-15-2018 19:39:55.4,82,10
05-15-2018 19:39:55.5,81,5
05-15-2018 19:39:55.5,44,5
05-15-2018 19:39:55.7,81,10
05-15-2018 19:39:55.8,9,2
05-15-2018 19:39:55.8,9,6
05-15-2018 19:39:55.8,10,2
05-15-2018 19:39:55.8,10,6
05-15-2018 19:39:55.8,65,1
05-15-2018 19:39:55.8,65,3
05-15-2018 19:39:56.8,12,2
05-15-2018 19:39:56.8,12,6
05-15-2018 19:39:56.8,11,2
05-15-2018 19:39:56.8,11,6
05-15-2018 19:39:56.8,0,3
05-15-2018 19:39:56.8,0,8
05-15-2018 19:39:56.8,1,3
05-15-2018 19:39:56.8,1,8
05-15-2018 19:39:56.8,31,1
05-15-2018 19:39:56.9,4,8
05-15-2018 19:39:56.9,49,2
05-15-2018 19:39:56.9,49,6
05-15-2018 19:39:56.9,48,3
05-15-2018 19:39:56.9,48,8
05-15-2018 19:39:56.9,41,2
05-15-2018 19:39:56.9,41,6
05-15-2018 19:40:00.8,3,3
05-15-2018 19:40:02.8,82,8
05-15-2018 19:40:02.8,3,8
05-15-2018 19:40:02.8,43,8
05-15-2018 19:40:03.9,81,8
05-15-2018 19:40:03.9,44,8
05-15-2018 19:40:04.2,81,3
05-15-2018 19:40:04.2,44,3
05-15-2018 19:40:05.3,46,3
05-15-2018 19:40:05.8,82,8
05-15-2018 19:40:05.8,43,8
05-15-2018 19:40:06.0,82,6
05-15-2018 19:40:06.9,7,3
05-15-2018 19:40:06.9,8,3
05-15-2018 19:40:06.9,4,3
05-15-2018 19:40:07.3,81,8
05-15-2018 19:40:07.3,44,8
05-15-2018 19:40:09.9,9,3
05-15-2018 19:40:09.9,10,3
05-15-2018 19:40:10.1,4,8
05-15-2018 19:40:10.9,12,3
05-15-2018 19:40:10.9,11,3
05-15-2018 19:40:10.9,0,4
05-15-2018 19:40:10.9,1,4
05-15-2018 19:40:14.5,48,4
05-15-2018 19:40:14.6,82,8
05-15-2018 19:40:14.6,43,8
05-15-2018 19:40:16.1,81,8
05-15-2018 19:40:16.1,44,8
05-15-2018 19:40:16.9,3,4
05-15-2018 19:40:18.1,81,4
05-15-2018 19:40:18.1,44,4
05-15-2018 19:40:18.9,4,8
05-15-2018 19:40:19.1,82,4
05-15-2018 19:40:19.1,43,4
05-15-2018 19:40:20.3,82,8
05-15-2018 19:40:20.3,43,8
05-15-2018 19:40:20.8,81,4
05-15-2018 19:40:20.8,44,4
05-15-2018 19:40:21.5,82,10
05-15-2018 19:40:21.8,81,8
05-15-2018 19:40:21.8,44,8
05-15-2018 19:40:22.0,81,10
05-15-2018 19:40:24.6,7,4
05-15-2018 19:40:24.6,7,8
05-15-2018 19:40:24.6,8,4
05-15-2018 19:40:24.6,8,8
05-15-2018 19:40:24.6,4,4
05-15-2018 19:40:24.6,4,8
05-15-2018 19:40:25.6,46,8
05-15-2018 19:40:25.7,46,4
05-15-2018 19:40:27.2,82,9
05-15-2018 19:40:27.5,81,9
05-15-2018 19:40:28.1,9,4
05-15-2018 19:40:28.1,9,8
05-15-2018 19:40:28.1,10,4
05-15-2018 19:40:28.1,10,8
05-15-2018 19:40:28.3,6,4
05-15-2018 19:40:29.1,82,10
05-15-2018 19:40:29.1,12,4
05-15-2018 19:40:29.1,12,8
05-15-2018 19:40:29.1,11,4
05-15-2018 19:40:29.1,11,8
05-15-2018 19:40:29.1,0,2
05-15-2018 19:40:29.1,0,6
05-15-2018 19:40:29.1,1,2
05-15-2018 19:40:29.1,1,6
05-15-2018 19:40:29.1,31,1
05-15-2018 19:40:29.2,64,1
05-15-2018 19:40:29.2,64,3
05-15-2018 19:40:29.3,4,2
05-15-2018 19:40:29.5,81,10
05-15-2018 19:40:31.2,61,1
05-15-2018 19:40:31.2,61,3
05-15-2018 19:40:31.2,32,1
05-15-2018 19:40:31.2,32,5
05-15-2018 19:40:31.4,82,9
05-15-2018 19:40:32.1,81,9
05-15-2018 19:40:32.5,82,10
05-15-2018 19:40:32.9,81,10
05-15-2018 19:40:33.2,82,11
05-15-2018 19:40:33.7,81,11
05-15-2018 19:40:33.8,81,6
05-15-2018 19:40:34.1,82,9
05-15-2018 19:40:34.5,81,9
05-15-2018 19:40:36.4,48,1
05-15-2018 19:40:36.4,48,5
05-15-2018 19:40:37.6,82,10
05-15-2018 19:40:37.9,81,10
05-15-2018 19:40:37.9,82,5
05-15-2018 19:40:38.6,82,6
05-15-2018 19:40:39.2,82,9
05-15-2018 19:40:39.3,81,6
05-15-2018 19:40:39.5,81,9
05-15-2018 19:40:40.1,81,5
05-15-2018 19:40:41.1,46,1
05-15-2018 19:40:44.1,82,4
05-15-2018 19:40:44.9,4,6
05-15-2018 19:40:45.6,81,4
05-15-2018 19:40:46.1,46,5
05-15-2018 19:40:47.4,82,9
05-15-2018 19:40:48.1,81,9
05-15-2018 19:40:48.8,82,9
05-15-2018 19:40:48.9,81,9
05-15-2018 19:40:49.1,3,2
05-15-2018 19:40:49.1,3,6
05-15-2018 19:40:50.8,82,9
05-15-2018 19:40:51.4,81,9
05-15-2018 19:40:52.3,82,11
05-15-2018 19:40:52.7,81,11
05-15-2018 19:40:56.7,150,5
05-15-2018 19:40:56.7,48,2
05-15-2018 19:40:56.7,48,6
05-15-2018 19:40:56.8,82,9
05-15-2018 19:40:56.8,150,1
05-15-2018 19:40:57.2,81,9
05-15-2018 19:40:58.1,82,6
05-15-2018 19:40:58.6,82,12
05-15-2018 19:40:58.9,81,6
05-15-2018 19:40:58.9,81,12
05-15-2018 19:40:59.5,82,9
05-15-2018 19:40:59.9,81,9
05-15-2018 19:41:03.0,82,9
05-15-2018 19:41:03.4,81,9
05-15-2018 19:41:03.5,82,6
05-15-2018 19:41:04.2,81,6
05-15-2018 19:41:04.7,82,9
05-15-2018 19:41:05.1,81,9
05-15-2018 19:41:06.4,82,6
05-15-2018 19:41:07.1,81,6
05-15-2018 19:41:07.5,82,11
05-15-2018 19:41:07.8,81,11
05-15-2018 19:41:08.5,82,4
05-15-2018 19:41:11.9,4,6
05-15-2018 19:41:13.4,82,1
05-15-2018 19:41:13.8,82,11
05-15-2018 19:41:14.2,81,11
05-15-2018 19:41:14.8,81,1
05-15-2018 19:41:16.5,2,4
05-15-2018 19:41:16.5,43,4
05-15-2018 19:41:17.2,82,9
05-15-2018 19:41:17.5,81,9
05-15-2018 19:41:18.7,4,2
05-15-2018 19:41:20.4,82,1
05-15-2018 19:41:21.5,82,11
05-15-2018 19:41:21.8,81,11
05-15-2018 19:41:22.2,81,1
05-15-2018 19:41:26.1,4,2
05-15-2018 19:41:26.3,82,6
05-15-2018 19:41:27.0,81,6
05-15-2018 19:41:27.7,82,11
05-15-2018 19:41:28.0,81,11
05-15-2018 19:41:29.5,82,9
05-15-2018 19:41:30.0,81,9
05-15-2018 19:41:31.4,82,8
05-15-2018 19:41:31.4,2,8
05-15-2018 19:41:31.4,43,8
05-15-2018 19:41:31.8,4,6
05-15-2018 19:41:35.3,82,1
05-15-2018 19:41:37.2,81,1
05-15-2018 19:41:37.4,82,10
05-15-2018 19:41:37.7,81,10
05-15-2018 19:41:40.4,82,9
05-15-2018 19:41:40.9,81,9
05-15-2018 19:41:40.9,4,2
05-15-2018 19:41:42.2,82,11
05-15-2018 19:41:42.5,81,11
05-15-2018 19:41:42.6,82,9
05-15-2018 19:41:43.0,81,9
05-15-2018 19:41:43.6,82,10
05-15-2018 19:41:44.0,81,10
05-15-2018 19:41:44.3,82,9
05-15-2018 19:41:44.5,81,9
05-15-2018 19:41:45.7,82,9
05-15-2018 19:41:45.7,42,6
05-15-2018 19:41:45.7,46,6
05-15-2018 19:41:45.9,82,11
05-15-2018 19:41:46.1,81,9
05-15-2018 19:41:46.3,81,11
05-15-2018 19:41:47.1,82,11
05-15-2018 19:41:47.5,81,11
05-15-2018 19:41:48.6,82,6
05-15-2018 19:41:49.5,81,6
05-15-2018 19:41:49.5,81,8
05-15-2018 19:41:49.5,44,8
05-15-2018 19:41:49.6,82,9
05-15-2018 19:41:50.0,81,9
05-15-2018 19:41:50.5,82,9
05-15-2018 19:41:50.7,151,3
05-15-2018 19:41:50.7,151,8
05-15-2018 19:41:50.7,42,2
05-15-2018 19:41:50.7,47,3
05-15-2018 19:41:50.7,47,6
05-15-2018 19:41:50.7,47,8
05-15-2018 19:41:50.7,49,3
05-15-2018 19:41:50.7,49,8
05-15-2018 19:41:50.9,81,9
05-15-2018 19:41:50.9,48,3
05-15-2018 19:41:50.9,48,8
05-15-2018 19:41:52.1,82,9
05-15-2018 19:41:52.4,81,9
05-15-2018 19:41:54.3,82,6
05-15-2018 19:41:55.1,81,6
05-15-2018 19:41:55.4,82,1
05-15-2018 19:41:59.9,4,6
05-15-2018 19:42:01.8,46,3
05-15-2018 19:42:02.3,81,1
05-15-2018 19:42:03.3,82,9
05-15-2018 19:42:03.6,81,9
05-15-2018 19:42:04.3,4,2
05-15-2018 19:42:09.8,82,10
05-15-2018 19:42:10.1,81,10
05-15-2018 19:42:11.8,82,3
05-15-2018 19:42:11.8,2,3
05-15-2018 19:42:11.8,43,3
05-15-2018 19:42:12.9,151,4
05-15-2018 19:42:12.9,7,2
05-15-2018 19:42:12.9,7,6
05-15-2018 19:42:12.9,8,2
05-15-2018 19:42:12.9,8,6
05-15-2018 19:42:12.9,47,4
05-15-2018 19:42:12.9,49,4
05-15-2018 19:42:12.9,63,1
05-15-2018 19:42:12.9,63,3
05-15-2018 19:42:12.9,33,1
05-15-2018 19:42:12.9,33,5
05-15-2018 19:42:13.0,151,1
05-15-2018 19:42:13.0,151,5
05-15-2018 19:42:13.0,151,7
05-15-2018 19:42:13.0,2,2
05-15-2018 19:42:13.0,2,6
05-15-2018 19:42:13.0,47,1
05-15-2018 19:42:13.0,47,5
05-15-2018 19:42:13.0,49,1
05-15-2018 19:42:13.0,49,5
05-15-2018 19:42:17.6,82,12
05-15-2018 19:42:17.9,81,12
05-15-2018 19:42:17.9,9,2
05-15-2018 19:42:17.9,9,6
05-15-2018 19:42:17.9,10,2
05-15-2018 19:42:17.9,10,6
05-15-2018 19:42:17.9,65,1
05-15-2018 19:42:17.9,65,3
05-15-2018 19:42:18.9,12,2
05-15-2018 19:42:18.9,12,6
05-15-2018 19:42:18.9,11,2
05-15-2018 19:42:18.9,11,6
05-15-2018 19:42:18.9,0,4
05-15-2018 19:42:18.9,0,8
05-15-2018 19:42:18.9,1,4
05-15-2018 19:42:18.9,1,8
05-15-2018 19:42:18.9,31,1
05-15-2018 19:42:19.0,4,8
05-15-2018 19:42:19.0,49,2
05-15-2018 19:42:19.0,49,6
05-15-2018 19:42:19.0,48,4
05-15-2018 19:42:19.0,41,2
05-15-2018 19:42:19.0,41,6
05-15-2018 19:42:24.9,3,4
05-15-2018 19:42:24.9,3,8
05-15-2018 19:42:25.4,82,6
05-15-2018 19:42:25.7,46,4
05-15-2018 19:42:25.7,46,8
05-15-2018 19:42:28.0,82,10
05-15-2018 19:42:28.3,81,10
05-15-2018 19:42:29.5,81,4
05-15-2018 19:42:29.5,44,4
05-15-2018 19:42:29.9,82,4
05-15-2018 19:42:29.9,43,4
05-15-2018 19:42:30.1,82,9
05-15-2018 19:42:30.5,81,9
05-15-2018 19:42:31.6,81,4
05-15-2018 19:42:31.6,44,4
05-15-2018 19:42:32.0,82,4
05-15-2018 19:42:32.0,43,4
05-15-2018 19:42:33.7,81,4
05-15-2018 19:42:33.7,44,4
05-15-2018 19:42:34.5,82,4
05-15-2018 19:42:34.5,43,4
05-15-2018 19:42:36.0,81,4
05-15-2018 19:42:36.0,44,4
05-15-2018 19:42:36.1,7,4
05-15-2018 19:42:36.1,7,8
05-15-2018 19:42:36.1,8,4
05-15-2018 19:42:36.1,8,8
05-15-2018 19:42:36.1,6,4
05-15-2018 19:42:36.1,6,8
05-15-2018 19:42:36.7,82,4
05-15-2018 19:42:39.6,9,4
05-15-2018 19:42:39.6,9,8
05-15-2018 19:42:39.6,10,4
05-15-2018 19:42:39.6,10,8
05-15-2018 19:42:40.6,12,4
05-15-2018 19:42:40.6,12,8
05-15-2018 19:42:40.6,11,4
05-15-2018 19:42:40.6,11,8
05-15-2018 19:42:40.6,0,2
05-15-2018 19:42:40.6,0,6
05-15-2018 19:42:40.6,1,2
05-15-2018 19:42:40.6,1,6
05-15-2018 19:42:40.6,31,1
05-15-2018 19:42:40.7,48,1
05-15-2018 19:42:40.7,48,5
05-15-2018 19:42:40.7,64,1
05-15-2018 19:42:40.7,64,3
05-15-2018 19:42:40.8,4,2
05-15-2018 19:42:41.1,46,1
05-15-2018 19:42:41.5,82,10
05-15-2018 19:42:41.9,81,10
05-15-2018 19:42:42.2,82,9
05-15-2018 19:42:42.6,81,9
05-15-2018 19:42:42.7,61,1
05-15-2018 19:42:42.7,61,3
05-15-2018 19:42:42.7,32,1
05-15-2018 19:42:42.7,32,5
05-15-2018 19:42:43.3,82,10
05-15-2018 19:42:43.6,81,10
05-15-2018 19:42:43.7,81,6
05-15-2018 19:42:44.7,2,4
05-15-2018 19:42:44.7,43,4
05-15-2018 19:42:46.2,46,5
05-15-2018 19:42:46.6,82,9
05-15-2018 19:42:47.2,81,9
05-15-2018 19:42:48.6,4,6
05-15-2018 19:42:48.7,82,10
05-15-2018 19:42:48.7,82,12
05-15-2018 19:42:49.0,81,10
05-15-2018 19:42:49.1,81,12
05-15-2018 19:42:49.1,82,5
05-15-2018 19:42:50.2,82,11
05-15-2018 19:42:50.6,81,11
05-15-2018 19:42:52.2,81,5
05-15-2018 19:42:54.6,82,6
05-15-2018 19:42:55.3,81,6
05-15-2018 19:42:56.8,82,6
05-15-2018 19:42:56.8,82,12
05-15-2018 19:42:56.8,150,5
05-15-2018 19:42:56.8,48,2
05-15-2018 19:42:56.8,48,6
05-15-2018 19:42:56.9,150,1
05-15-2018 19:42:57.1,81,12
05-15-2018 19:42:57.7,81,6
05-15-2018 19:43:00.0,82,11
05-15-2018 19:43:00.0,82,12
05-15-2018 19:43:00.3,81,12
05-15-2018 19:43:00.4,81,11
05-15-2018 19:43:00.7,3,2
05-15-2018 19:43:00.7,3,6
05-15-2018 19:43:01.8,82,11
05-15-2018 19:43:01.9,82,6
05-15-2018 19:43:02.1,81,11
05-15-2018 19:43:02.2,82,12
05-15-2018 19:43:02.5,81,6
05-15-2018 19:43:02.5,81,12
05-15-2018 19:43:03.0,82,11
05-15-2018 19:43:03.4,81,11
05-15-2018 19:43:04.0,82,12
05-15-2018 19:43:04.3,81,12
05-15-2018 19:43:05.2,82,6
05-15-2018 19:43:05.9,81,6
05-15-2018 19:43:07.4,82,6
05-15-2018 19:43:07.6,82,1
05-15-2018 19:43:07.8,82,12
05-15-2018 19:43:08.1,81,6
05-15-2018 19:43:08.4,81,12
05-15-2018 19:43:09.5,81,1
05-15-2018 19:43:09.5,82,6
05-15-2018 19:43:10.0,82,1
05-15-2018 19:43:10.6,81,6
05-15-2018 19:43:11.2,82,11
05-15-2018 19:43:11.5,81,11
05-15-2018 19:43:12.4,81,1
05-15-2018 19:43:13.8,82,10
05-15-2018 19:43:14.1,81,10
05-15-2018 19:43:14.2,82,6
05-15-2018 19:43:15.1,81,6
05-15-2018 19:43:15.1,4,2
05-15-2018 19:43:15.6,82,9
05-15-2018 19:43:15.6,82,11
05-15-2018 19:43:15.9,81,11
05-15-2018 19:43:16.0,81,9
05-15-2018 19:43:16.5,82,6
05-15-2018 19:43:17.3,81,6
05-15-2018 19:43:17.8,82,10
05-15-2018 19:43:18.3,81,10
05-15-2018 19:43:18.8,82,9
05-15-2018 19:43:19.1,81,9
05-15-2018 19:43:19.4,82,10
05-15-2018 19:43:19.6,81,10
05-15-2018 19:43:21.0,82,6
05-15-2018 19:43:21.0,82,10
05-15-2018 19:43:21.5,81,10
05-15-2018 19:43:21.7,81,6
05-15-2018 19:43:22.8,82,5
05-15-2018 19:43:23.2,82,12
05-15-2018 19:43:23.5,81,12
05-15-2018 19:43:24.6,82,10
05-15-2018 19:43:24.9,82,9
05-15-2018 19:43:25.0,82,11
05-15-2018 19:43:25.2,81,9
05-15-2018 19:43:25.3,81,11
05-15-2018 19:43:25.7,82,9
05-15-2018 19:43:25.9,82,12
05-15-2018 19:43:26.2,81,12
05-15-2018 19:43:26.4,81,9
05-15-2018 19:43:26.5,81,10
05-15-2018 19:43:28.7,82,6
05-15-2018 19:43:29.4,81,6
05-15-2018 19:43:31.1,82,6
05-15-2018 19:43:31.1,82,9
05-15-2018 19:43:31.4,81,9
05-15-2018 19:43:31.4,82,10
05-15-2018 19:43:31.8,81,6
05-15-2018 19:43:31.8,81,10
05-15-2018 19:43:32.4,82,1
05-15-2018 19:43:33.5,82,10
05-15-2018 19:43:33.7,81,10
05-15-2018 19:43:35.1,81,5
05-15-2018 19:43:35.6,82,11
05-15-2018 19:43:35.9,81,11
05-15-2018 19:43:38.4,82,9
05-15-2018 19:43:38.7,81,9
05-15-2018 19:43:39.9,4,6
05-15-2018 19:43:41.8,82,6
05-15-2018 19:43:42.6,81,6
05-15-2018 19:43:42.9,81,1
05-15-2018 19:43:44.8,4,2
05-15-2018 19:43:45.8,42,6
05-15-2018 19:43:45.8,46,6
05-15-2018 19:43:45.9,82,11
05-15-2018 19:43:46.4,81,11
05-15-2018 19:43:47.4,4,6
05-15-2018 19:43:50.8,151,3
05-15-2018 19:43:50.8,151,8
05-15-2018 19:43:50.8,7,2
05-15-2018 19:43:50.8,7,6
05-15-2018 19:43:50.8,8,2
05-15-2018 19:43:50.8,8,6
05-15-2018 19:43:50.8,42,2
05-15-2018 19:43:50.8,47,3
05-15-2018 19:43:50.8,47,6
05-15-2018 19:43:50.8,47,8
05-15-2018 19:43:50.8,49,3
05-15-2018 19:43:50.8,49,8
05-15-2018 19:43:50.8,63,1
05-15-2018 19:43:50.8,63,3
05-15-2018 19:43:50.8,33,1
05-15-2018 19:43:50.8,33,5
05-15-2018 19:43:50.9,151,1
05-15-2018 19:43:50.9,151,4
05-15-2018 19:43:50.9,151,5
05-15-2018 19:43:50.9,151,7
05-15-2018 19:43:50.9,2,2
05-15-2018 19:43:50.9,2,6
05-15-2018 19:43:50.9,47,1
05-15-2018 19:43:50.9,47,4
05-15-2018 19:43:50.9,47,5
05-15-2018 19:43:50.9,49,1
05-15-2018 19:43:50.9,49,4
05-15-2018 19:43:50.9,49,5
05-15-2018 19:43:51.5,82,6
05-15-2018 19:43:52.3,81,6
05-15-2018 19:43:52.6,82,11
05-15-2018 19:43:52.8,82,12
05-15-2018 19:43:53.0,81,11
05-15-2018 19:43:53.1,81,12
05-15-2018 19:43:53.7,82,11
05-15-2018 19:43:54.0,81,11
05-15-2018 19:43:55.8,9,2
05-15-2018 19:43:55.8,9,6
05-15-2018 19:43:55.8,10,2
05-15-2018 19:43:55.8,10,6
05-15-2018 19:43:55.8,65,1
05-15-2018 19:43:55.8,65,3
05-15-2018 19:43:56.1,82,11
05-15-2018 19:43:56.5,81,11
05-15-2018 19:43:56.8,12,2
05-15-2018 19:43:56.8,12,6
05-15-2018 19:43:56.8,11,2
05-15-2018 19:43:56.8,11,6
05-15-2018 19:43:56.8,0,3
05-15-2018 19:43:56.8,0,8
05-15-2018 19:43:56.8,1,3
05-15-2018 19:43:56.8,1,8
05-15-2018 19:43:56.8,31,1
05-15-2018 19:43:56.9,4,8
05-15-2018 19:43:56.9,49,2
05-15-2018 19:43:56.9,49,6
05-15-2018 19:43:56.9,48,3
05-15-2018 19:43:56.9,48,8
05-15-2018 19:43:56.9,41,2
05-15-2018 19:43:56.9,41,6
05-15-2018 19:43:59.6,82,11
05-15-2018 19:43:59.9,81,11
05-15-2018 19:44:00.8,3,3
05-15-2018 19:44:01.7,82,6
05-15-2018 19:44:02.8,3,8
05-15-2018 19:44:05.3,46,3
05-15-2018 19:44:05.7,81,3
05-15-2018 19:44:05.7,44,3
05-15-2018 19:44:06.2,82,3
05-15-2018 19:44:06.2,43,3
05-15-2018 19:44:08.7,81,3
05-15-2018 19:44:08.7,44,3
05-15-2018 19:44:09.1,82,12
05-15-2018 19:44:09.5,81,12
05-15-2018 19:44:11.1,82,3
05-15-2018 19:44:11.1,43,3
05-15-2018 19:44:13.2,81,3
05-15-2018 19:44:13.2,44,3
05-15-2018 19:44:14.8,7,3
05-15-2018 19:44:14.8,8,3
05-15-2018 19:44:14.8,6,3
05-15-2018 19:44:15.6,82,12
05-15-2018 19:44:16.1,81,12
05-15-2018 19:44:17.8,9,3
05-15-2018 19:44:17.8,10,3
05-15-2018 19:44:18.8,12,3
05-15-2018 19:44:18.8,11,3
05-15-2018 19:44:18.8,0,4
05-15-2018 19:44:18.8,1,4
05-15-2018 19:44:18.9,48,4
05-15-2018 19:44:22.5,82,10
05-15-2018 19:44:22.8,81,10
05-15-2018 19:44:24.8,3,4
05-15-2018 19:44:25.7,46,8
05-15-2018 19:44:26.2,46,4
05-15-2018 19:44:28.4,82,9
05-15-2018 19:44:28.6,81,4
05-15-2018 19:44:28.6,44,4
05-15-2018 19:44:28.7,81,9
05-15-2018 19:44:29.1,82,10
05-15-2018 19:44:29.5,81,10
05-15-2018 19:44:32.3,82,9
05-15-2018 19:44:32.4,7,4
05-15-2018 19:44:32.4,7,8
05-15-2018 19:44:32.4,8,4
05-15-2018 19:44:32.4,8,8
05-15-2018 19:44:32.4,4,4
05-15-2018 19:44:32.6,81,9
05-15-2018 19:44:34.3,82,9
05-15-2018 19:44:35.0,81,9
05-15-2018 19:44:35.8,82,10
05-15-2018 19:44:35.9,9,4
05-15-2018 19:44:35.9,9,8
05-15-2018 19:44:35.9,10,4
05-15-2018 19:44:35.9,10,8
05-15-2018 19:44:36.2,6,4
05-15-2018 19:44:36.2,6,8
05-15-2018 19:44:36.9,12,4
05-15-2018 19:44:36.9,12,8
05-15-2018 19:44:36.9,11,4
05-15-2018 19:44:36.9,11,8
05-15-2018 19:44:36.9,0,2
05-15-2018 19:44:36.9,0,6
05-15-2018 19:44:36.9,1,2
05-15-2018 19:44:36.9,1,6
05-15-2018 19:44:36.9,31,1
05-15-2018 19:44:37.0,48,1
05-15-2018 19:44:37.0,48,5
05-15-2018 19:44:37.0,64,1
05-15-2018 19:44:37.0,64,3
05-15-2018 19:44:37.1,4,2
05-15-2018 19:44:38.4,81,10
05-15-2018 19:44:38.9,82,11
05-15-2018 19:44:39.0,61,1
05-15-2018 19:44:39.0,61,3
05-15-2018 19:44:39.0,32,1
05-15-2018 19:44:39.0,32,5
05-15-2018 19:44:39.3,81,11
05-15-2018 19:44:40.2,82,9
05-15-2018 19:44:40.6,81,9
05-15-2018 19:44:41.2,46,1
05-15-2018 19:44:46.2,46,5
05-15-2018 19:44:47.0,82,1
05-15-2018 19:44:47.7,81,6
05-15-2018 19:44:47.9,82,6
05-15-2018 19:44:48.7,81,1
05-15-2018 19:44:49.0,82,8
05-15-2018 19:44:49.0,2,8
05-15-2018 19:44:49.0,43,8
05-15-2018 19:44:49.5,81,6
05-15-2018 19:44:51.5,81,8
05-15-2018 19:44:51.5,44,8
05-15-2018 19:44:52.6,4,2
05-15-2018 19:44:54.3,4,6
05-15-2018 19:44:55.9,82,8
05-15-2018 19:44:55.9,2,8
05-15-2018 19:44:55.9,43,8
05-15-2018 19:44:56.8,150,5
05-15-2018 19:44:56.8,48,2
05-15-2018 19:44:56.8,48,6
05-15-2018 19:44:56.9,150,1
05-15-2018 19:44:56.9,3,2
05-15-2018 19:44:56.9,3,6
05-15-2018 19:45:01.0,82,11
05-15-2018 19:45:01.2,81,11
05-15-2018 19:45:05.4,82,6
05-15-2018 19:45:06.0,81,6
05-15-2018 19:45:08.1,82,11
05-15-2018 19:45:08.4,81,11
05-15-2018 19:45:10.2,82,12
05-15-2018 19:45:10.5,81,12
05-15-2018 19:45:10.8,4,6
05-15-2018 19:45:11.4,82,11
05-15-2018 19:45:11.9,81,11
05-15-2018 19:45:14.9,82,6
05-15-2018 19:45:15.0,82,3
05-15-2018 19:45:15.0,2,3
05-15-2018 19:45:15.0,43,3
05-15-2018 19:45:15.2,82,11
05-15-2018 19:45:15.4,82,1
05-15-2018 19:45:15.5,81,6
05-15-2018 19:45:15.6,81,11
05-15-2018 19:45:16.9,81,1
05-15-2018 19:45:19.8,82,1
05-15-2018 19:45:20.3,4,6
05-15-2018 19:45:21.3,81,1
05-15-2018 19:45:22.2,82,6
05-15-2018 19:45:23.1,81,6
05-15-2018 19:45:24.6,4,2
05-15-2018 19:45:27.9,4,6
05-15-2018 19:45:32.4,82,9
05-15-2018 19:45:32.7,81,9
05-15-2018 19:45:34.2,82,9
05-15-2018 19:45:34.3,81,9
05-15-2018 19:45:36.3,82,12
05-15-2018 19:45:36.6,81,12
05-15-2018 19:45:37.6,82,4
05-15-2018 19:45:40.6,82,6
05-15-2018 19:45:41.1,81,6
05-15-2018 19:45:45.6,2,4
05-15-2018 19:45:45.6,43,4
05-15-2018 19:45:45.8,42,6
05-15-2018 19:45:45.8,46,6
05-15-2018 19:45:45.9,4,6
05-15-2018 19:45:48.4,82,11
05-15-2018 19:45:48.8,81,11
05-15-2018 19:45:50.8,151,3
05-15-2018 19:45:50.8,151,8
05-15-2018 19:45:50.8,7,2
05-15-2018 19:45:50.8,7,6
05-15-2018 19:45:50.8,8,2
05-15-2018 19:45:50.8,8,6
05-15-2018 19:45:50.8,42,2
05-15-2018 19:45:50.8,47,3
05-15-2018 19:45:50.8,47,6
05-15-2018 19:45:50.8,47,8
05-15-2018 19:45:50.8,49,3
05-15-2018 19:45:50.8,49,8
05-15-2018 19:45:50.8,63,1
05-15-2018 19:45:50.8,63,3
05-15-2018 19:45:50.8,33,1
05-15-2018 19:45:50.8,33,5
05-15-2018 19:45:50.9,151,1
05-15-2018 19:45:50.9,151,4
05-15-2018 19:45:50.9,151,5
05-15-2018 19:45:50.9,151,7
05-15-2018 19:45:50.9,2,2
05-15-2018 19:45:50.9,2,6
05-15-2018 19:45:50.9,47,1
05-15-2018 19:45:50.9,47,4
05-15-2018 19:45:50.9,47,5
05-15-2018 19:45:50.9,49,1
05-15-2018 19:45:50.9,49,4
05-15-2018 19:45:50.9,49,5
05-15-2018 19:45:52.8,82,11
05-15-2018 19:45:53.0,81,11
05-15-2018 19:45:53.0,82,6
05-15-2018 19:45:53.6,81,6
05-15-2018 19:45:54.8,82,9
05-15-2018 19:45:55.0,81,9
05-15-2018 19:45:55.8,9,2
05-15-2018 19:45:55.8,9,6
05-15-2018 19:45:55.8,10,2
05-15-2018 19:45:55.8,10,6
05-15-2018 19:45:55.8,65,1
05-15-2018 19:45:55.8,65,3
05-15-2018 19:45:56.8,12,2
05-15-2018 19:45:56.8,12,6
05-15-2018 19:45:56.8,11,2
05-15-2018 19:45:56.8,11,6
05-15-2018 19:45:56.8,0,3
05-15-2018 19:45:56.8,0,8
05-15-2018 19:45:56.8,1,3
05-15-2018 19:45:56.8,1,8
05-15-2018 19:45:56.8,31,1
05-15-2018 19:45:56.9,49,2
05-15-2018 19:45:56.9,49,6
05-15-2018 19:45:56.9,48,3
05-15-2018 19:45:56.9,48,8
05-15-2018 19:45:56.9,41,2
05-15-2018 19:45:56.9,41,6
05-15-2018 19:45:59.2,82,12
05-15-2018 19:45:59.5,81,12
05-15-2018 19:46:00.0,82,6
05-15-2018 19:46:00.7,82,10
05-15-2018 19:46:00.8,3,3
05-15-2018 19:46:01.1,81,10
05-15-2018 19:46:02.8,3,8
05-15-2018 19:46:03.4,81,3
05-15-2018 19:46:03.4,44,3
05-15-2018 19:46:03.5,81,8
05-15-2018 19:46:03.5,44,8
05-15-2018 19:46:04.8,82,3
05-15-2018 19:46:04.8,43,3
05-15-2018 19:46:05.3,46,3
05-15-2018 19:46:06.3,4,8
05-15-2018 19:46:07.1,81,3
05-15-2018 19:46:07.1,44,3
05-15-2018 19:46:09.3,82,12
05-15-2018 19:46:09.6,81,12
05-15-2018 19:46:09.9,7,3
05-15-2018 19:46:09.9,8,3
05-15-2018 19:46:09.9,4,3
05-15-2018 19:46:12.9,9,3
05-15-2018 19:46:12.9,10,3
05-15-2018 19:46:13.9,12,3
05-15-2018 19:46:13.9,11,3
05-15-2018 19:46:13.9,0,4
05-15-2018 19:46:13.9,1,4
05-15-2018 19:46:14.6,48,4
05-15-2018 19:46:17.8,82,9
05-15-2018 19:46:18.2,81,9
05-15-2018 19:46:19.9,3,4
05-15-2018 19:46:20.0,81,4
05-15-2018 19:46:20.0,44,4
05-15-2018 19:46:23.4,82,8
05-15-2018 19:46:23.4,43,8
05-15-2018 19:46:23.8,4,4
05-15-2018 19:46:24.4,82,10
05-15-2018 19:46:24.7,81,10
05-15-2018 19:46:25.4,81,8
05-15-2018 19:46:25.4,44,8
05-15-2018 19:46:25.7,46,8
05-15-2018 19:46:25.8,46,4
05-15-2018 19:46:28.2,7,4
05-15-2018 19:46:28.2,7,8
05-15-2018 19:46:28.2,8,4
05-15-2018 19:46:28.2,8,8
05-15-2018 19:46:28.2,4,8
05-15-2018 19:46:31.2,82,11
05-15-2018 19:46:31.3,6,4
05-15-2018 19:46:31.5,81,11
05-15-2018 19:46:31.7,9,4
05-15-2018 19:46:31.7,9,8
05-15-2018 19:46:31.7,10,4
05-15-2018 19:46:31.7,10,8
05-15-2018 19:46:32.7,12,4
05-15-2018 19:46:32.7,12,8
05-15-2018 19:46:32.7,11,4
05-15-2018 19:46:32.7,11,8
05-15-2018 19:46:32.7,0,2
05-15-2018 19:46:32.7,0,6
05-15-2018 19:46:32.7,1,2
05-15-2018 19:46:32.7,1,6
05-15-2018 19:46:32.7,31,1
05-15-2018 19:46:32.8,64,1
05-15-2018 19:46:32.8,64,3
05-15-2018 19:46:32.9,4,2
05-15-2018 19:46:34.8,61,1
05-15-2018 19:46:34.8,61,3
05-15-2018 19:46:34.8,32,1
05-15-2018 19:46:34.8,32,5
05-15-2018 19:46:36.5,48,1
05-15-2018 19:46:36.5,48,5
05-15-2018 19:46:40.3,82,3
05-15-2018 19:46:40.3,2,3
05-15-2018 19:46:40.3,43,3
05-15-2018 19:46:41.0,82,10
05-15-2018 19:46:41.2,46,1
05-15-2018 19:46:41.3,81,10
05-15-2018 19:46:44.1,81,6
05-15-2018 19:46:44.6,82,9
05-15-2018 19:46:45.4,81,9
05-15-2018 19:46:46.2,46,5
05-15-2018 19:46:48.9,4,6
05-15-2018 19:46:50.0,82,8
05-15-2018 19:46:50.0,2,8
05-15-2018 19:46:50.0,43,8
05-15-2018 19:46:51.1,82,11
05-15-2018 19:46:51.4,81,11
05-15-2018 19:46:52.7,3,2
05-15-2018 19:46:52.7,3,6
05-15-2018 19:46:53.1,82,4
05-15-2018 19:46:54.7,81,8
05-15-2018 19:46:54.7,44,8
05-15-2018 19:46:55.3,82,9
05-15-2018 19:46:55.7,81,9
05-15-2018 19:46:56.0,82,11
05-15-2018 19:46:56.4,81,11
05-15-2018 19:46:56.5,82,6
05-15-2018 19:46:56.8,150,5
05-15-2018 19:46:56.8,48,2
05-15-2018 19:46:56.8,48,6
05-15-2018 19:46:56.9,150,1
05-15-2018 19:46:57.2,81,6
05-15-2018 19:47:01.1,2,4
05-15-2018 19:47:01.1,43,4
05-15-2018 19:47:02.0,4,6
05-15-2018 19:47:03.8,82,1
05-15-2018 19:47:05.3,81,1
05-15-2018 19:47:06.3,82,11
05-15-2018 19:47:06.6,81,11
05-15-2018 19:47:07.3,82,9
05-15-2018 19:47:07.6,81,9
05-15-2018 19:47:08.0,82,12
05-15-2018 19:47:08.2,81,12
05-15-2018 19:47:08.6,4,2
05-15-2018 19:47:10.1,82,12
05-15-2018 19:47:10.4,81,12
05-15-2018 19:47:11.1,82,9
05-15-2018 19:47:11.2,82,6
05-15-2018 19:47:11.5,81,9
05-15-2018 19:47:11.5,82,11
05-15-2018 19:47:11.9,81,6
05-15-2018 19:47:12.0,81,11
05-15-2018 19:47:13.1,82,6
05-15-2018 19:47:13.4,82,10
05-15-2018 19:47:13.7,81,6
05-15-2018 19:47:13.7,81,10
05-15-2018 19:47:15.0,82,9
05-15-2018 19:47:15.2,81,9
05-15-2018 19:47:15.2,82,6
05-15-2018 19:47:15.9,81,6
05-15-2018 19:47:19.1,82,11
05-15-2018 19:47:19.4,82,1
05-15-2018 19:47:19.5,81,11
05-15-2018 19:47:20.7,4,6
05-15-2018 19:47:21.6,81,1
05-15-2018 19:47:23.5,4,2
05-15-2018 19:47:23.8,82,6
05-15-2018 19:47:24.4,81,6
05-15-2018 19:47:25.4,82,12
05-15-2018 19:47:25.6,81,12
05-15-2018 19:47:25.7,82,10
05-15-2018 19:47:26.1,81,10
05-15-2018 19:47:27.7,82,9
05-15-2018 19:47:28.1,81,9
05-15-2018 19:47:29.2,4,6
05-15-2018 19:47:29.8,82,10
05-15-2018 19:47:30.2,81,10
05-15-2018 19:47:30.5,82,9
05-15-2018 19:47:30.7,81,9
05-15-2018 19:47:31.4,82,6
05-15-2018 19:47:31.4,82,10
05-15-2018 19:47:31.7,81,10
05-15-2018 19:47:32.2,81,6
05-15-2018 19:47:32.9,82,9
05-15-2018 19:47:33.3,81,9
05-15-2018 19:47:35.0,82,9
05-15-2018 19:47:35.3,81,9
05-15-2018 19:47:35.5,82,10
05-15-2018 19:47:35.8,81,10
05-15-2018 19:47:36.9,82,9
05-15-2018 19:47:37.0,4,6
05-15-2018 19:47:37.2,81,9
05-15-2018 19:47:38.8,82,9
05-15-2018 19:47:39.2,81,9
05-15-2018 19:47:40.1,82,11
05-15-2018 19:47:40.4,81,11
05-15-2018 19:47:42.0,82,10
05-15-2018 19:47:42.4,82,9
05-15-2018 19:47:42.5,81,10
05-15-2018 19:47:42.8,81,9
05-15-2018 19:47:45.8,42,6
05-15-2018 19:47:45.8,46,6
05-15-2018 19:47:46.4,82,10
05-15-2018 19:47:46.6,81,10
05-15-2018 19:47:48.1,82,1
05-15-2018 19:47:50.8,42,2
05-15-2018 19:47:50.8,46,2
05-15-2018 19:47:53.8,82,5
05-15-2018 19:47:55.5,81,5
05-15-2018 19:47:55.8,151,3
05-15-2018 19:47:55.8,151,8
05-15-2018 19:47:55.8,7,2
05-15-2018 19:47:55.8,7,6
05-15-2018 19:47:55.8,8,2
05-15-2018 19:47:55.8,8,6
05-15-2018 19:47:55.8,47,2
05-15-2018 19:47:55.8,47,3
05-15-2018 19:47:55.8,47,6
05-15-2018 19:47:55.8,47,8
05-15-2018 19:47:55.8,49,3
05-15-2018 19:47:55.8,49,8
05-15-2018 19:47:55.8,63,1
05-15-2018 19:47:55.8,63,3
05-15-2018 19:47:55.8,33,1
05-15-2018 19:47:55.8,33,5
05-15-2018 19:47:55.9,151,1
05-15-2018 19:47:55.9,151,4
05-15-2018 19:47:55.9,151,5
05-15-2018 19:47:55.9,151,7
05-15-2018 19:47:55.9,2,1
05-15-2018 19:47:55.9,2,2
05-15-2018 19:47:55.9,2,6
05-15-2018 19:47:55.9,47,1
05-15-2018 19:47:55.9,47,4
05-15-2018 19:47:55.9,47,5
05-15-2018 19:47:55.9,49,1
05-15-2018 19:47:55.9,49,4
05-15-2018 19:47:55.9,49,5
05-15-2018 19:47:55.9,43,1
05-15-2018 19:48:00.8,9,2
05-15-2018 19:48:00.8,9,6
05-15-2018 19:48:00.8,10,2
05-15-2018 19:48:00.8,10,6
05-15-2018 19:48:00.8,65,1
05-15-2018 19:48:00.8,65,3
05-15-2018 19:48:01.6,82,9
05-15-2018 19:48:01.7,81,9
05-15-2018 19:48:01.8,12,2
05-15-2018 19:48:01.8,12,6
05-15-2018 19:48:01.8,11,2
05-15-2018 19:48:01.8,11,6
05-15-2018 19:48:01.8,0,3
05-15-2018 19:48:01.8,0,8
05-15-2018 19:48:01.8,1,3
05-15-2018 19:48:01.8,1,8
05-15-2018 19:48:01.8,31,1
05-15-2018 19:48:01.9,4,8
05-15-2018 19:48:01.9,49,2
05-15-2018 19:48:01.9,49,6
05-15-2018 19:48:01.9,48,3
05-15-2018 19:48:01.9,48,8
05-15-2018 19:48:01.9,41,2
05-15-2018 19:48:01.9,41,6
05-15-2018 19:48:05.8,3,3
05-15-2018 19:48:07.8,3,8
05-15-2018 19:48:08.0,46,3
05-15-2018 19:48:09.5,81,3
05-15-2018 19:48:09.5,44,3
05-15-2018 19:48:10.5,82,3
05-15-2018 19:48:10.5,43,3
05-15-2018 19:48:13.0,82,8
05-15-2018 19:48:13.0,43,8
05-15-2018 19:48:13.4,81,3
05-15-2018 19:48:13.4,44,3
05-15-2018 19:48:13.7,82,3
05-15-2018 19:48:13.7,43,3
05-15-2018 19:48:14.5,81,8
05-15-2018 19:48:14.5,44,8
05-15-2018 19:48:16.1,81,3
05-15-2018 19:48:16.1,44,3
05-15-2018 19:48:17.3,4,8
05-15-2018 19:48:17.6,7,3
05-15-2018 19:48:17.6,8,3
05-15-2018 19:48:17.6,6,3
05-15-2018 19:48:20.6,9,3
05-15-2018 19:48:20.6,10,3
05-15-2018 19:48:21.2,82,9
05-15-2018 19:48:21.6,81,9
05-15-2018 19:48:21.6,12,3
05-15-2018 19:48:21.6,11,3
05-15-2018 19:48:21.6,0,4
05-15-2018 19:48:21.6,1,4
05-15-2018 19:48:21.7,48,4
05-15-2018 19:48:22.8,82,10
05-15-2018 19:48:23.2,81,10
05-15-2018 19:48:25.3,81,4
05-15-2018 19:48:25.3,44,4
05-15-2018 19:48:26.6,46,8
05-15-2018 19:48:27.0,46,4
05-15-2018 19:48:27.3,82,11
05-15-2018 19:48:27.6,3,4
05-15-2018 19:48:27.7,81,11
05-15-2018 19:48:29.1,7,4
05-15-2018 19:48:29.1,7,8
05-15-2018 19:48:29.1,8,4
05-15-2018 19:48:29.1,8,8
05-15-2018 19:48:29.1,4,4
05-15-2018 19:48:32.2,82,9
05-15-2018 19:48:32.6,9,4
05-15-2018 19:48:32.6,9,8
05-15-2018 19:48:32.6,10,4
05-15-2018 19:48:32.6,10,8
05-15-2018 19:48:32.7,81,9
05-15-2018 19:48:33.6,12,4
05-15-2018 19:48:33.6,12,8
05-15-2018 19:48:33.6,11,4
05-15-2018 19:48:33.6,11,8
05-15-2018 19:48:33.6,0,1
05-15-2018 19:48:33.6,0,6
05-15-2018 19:48:33.6,1,1
05-15-2018 19:48:33.6,1,6
05-15-2018 19:48:33.6,61,1
05-15-2018 19:48:33.6,31,1
05-15-2018 19:48:33.7,82,11
05-15-2018 19:48:33.7,4,6
05-15-2018 19:48:33.7,64,3
05-15-2018 19:48:34.1,81,11
05-15-2018 19:48:34.1,82,9
05-15-2018 19:48:34.6,81,9
05-15-2018 19:48:35.7,82,8
05-15-2018 19:48:35.7,2,8
05-15-2018 19:48:35.7,43,8
05-15-2018 19:48:35.7,61,3
05-15-2018 19:48:35.7,32,5
05-15-2018 19:48:37.4,48,1
05-15-2018 19:48:37.4,48,5
05-15-2018 19:48:37.6,3,1
05-15-2018 19:48:38.9,81,1
05-15-2018 19:48:38.9,44,1
05-15-2018 19:48:40.6,82,6
05-15-2018 19:48:40.7,7,1
05-15-2018 19:48:40.7,8,1
05-15-2018 19:48:40.7,4,1
05-15-2018 19:48:40.7,63,1
05-15-2018 19:48:41.1,46,1
05-15-2018 19:48:41.4,81,6
05-15-2018 19:48:43.7,9,1
05-15-2018 19:48:43.7,10,1
05-15-2018 19:48:43.7,65,1
05-15-2018 19:48:44.5,6,1
05-15-2018 19:48:44.7,12,1
05-15-2018 19:48:44.7,11,1
05-15-2018 19:48:44.7,0,2
05-15-2018 19:48:44.7,1,2
05-15-2018 19:48:44.8,64,1
05-15-2018 19:48:44.9,4,2
05-15-2018 19:48:46.1,46,5
05-15-2018 19:48:46.2,4,6
05-15-2018 19:48:46.8,61,1
05-15-2018 19:48:46.8,32,1
05-15-2018 19:48:49.2,82,11
05-15-2018 19:48:49.6,81,11
05-15-2018 19:48:52.5,82,4
05-15-2018 19:48:53.6,3,6
05-15-2018 19:48:53.9,82,11
05-15-2018 19:48:54.2,81,11
05-15-2018 19:48:55.5,82,6
05-15-2018 19:48:56.2,82,11
05-15-2018 19:48:56.3,81,6
05-15-2018 19:48:56.6,81,11
05-15-2018 19:48:56.9,150,5
05-15-2018 19:48:56.9,48,2
05-15-2018 19:48:56.9,48,6
05-15-2018 19:48:57.0,150,1
05-15-2018 19:49:00.2,81,4
05-15-2018 19:49:01.1,4,6
05-15-2018 19:49:02.3,82,1
05-15-2018 19:49:04.1,82,9
05-15-2018 19:49:04.4,81,9
05-15-2018 19:49:04.7,3,2
05-15-2018 19:49:05.4,82,10
05-15-2018 19:49:05.6,82,9
05-15-2018 19:49:05.7,81,10
05-15-2018 19:49:05.9,81,9
05-15-2018 19:49:09.2,82,10
05-15-2018 19:49:09.5,81,10
05-15-2018 19:49:09.7,82,9
05-15-2018 19:49:10.1,81,9
05-15-2018 19:49:11.0,82,10
05-15-2018 19:49:11.3,81,10
05-15-2018 19:49:12.6,82,12
05-15-2018 19:49:12.9,81,12
05-15-2018 19:49:14.9,82,9
05-15-2018 19:49:15.3,81,9
05-15-2018 19:49:16.0,82,11
05-15-2018 19:49:16.3,81,11
05-15-2018 19:49:16.9,82,10
05-15-2018 19:49:17.0,82,6
05-15-2018 19:49:17.2,81,10
05-15-2018 19:49:17.6,81,6
05-15-2018 19:49:18.0,82,9
05-15-2018 19:49:18.3,81,9
05-15-2018 19:49:18.5,82,12
05-15-2018 19:49:19.1,81,12
05-15-2018 19:49:19.4,82,11
05-15-2018 19:49:19.7,81,11
05-15-2018 19:49:19.7,82,12
05-15-2018 19:49:20.0,81,12
05-15-2018 19:49:20.7,82,10
05-15-2018 19:49:21.1,81,10
05-15-2018 19:49:21.4,82,6
05-15-2018 19:49:21.6,82,11
05-15-2018 19:49:22.1,81,6
05-15-2018 19:49:22.1,81,11
05-15-2018 19:49:22.1,82,12
05-15-2018 19:49:22.5,81,12
05-15-2018 19:49:23.9,82,6
05-15-2018 19:49:24.7,82,11
05-15-2018 19:49:25.1,81,11
05-15-2018 19:49:25.8,81,6
05-15-2018 19:49:25.8,82,12
05-15-2018 19:49:26.1,81,12
05-15-2018 19:49:27.1,82,11
05-15-2018 19:49:27.2,82,6
05-15-2018 19:49:27.5,81,11
05-15-2018 19:49:28.0,81,6
05-15-2018 19:49:28.2,82,9
05-15-2018 19:49:28.7,81,9
05-15-2018 19:49:29.4,82,11
05-15-2018 19:49:29.7,81,11
05-15-2018 19:49:29.8,82,6
05-15-2018 19:49:30.0,82,10
05-15-2018 19:49:30.3,81,10
05-15-2018 19:49:30.5,81,6
05-15-2018 19:49:31.1,82,6
05-15-2018 19:49:31.4,82,11
05-15-2018 19:49:31.7,81,11
05-15-2018 19:49:31.8,81,6
05-15-2018 19:49:33.4,82,10
05-15-2018 19:49:33.7,81,10
05-15-2018 19:49:34.2,82,11
05-15-2018 19:49:34.6,81,11
05-15-2018 19:49:36.6,4,6
05-15-2018 19:49:38.1,82,6
05-15-2018 19:49:38.9,81,6
05-15-2018 19:49:40.0,82,11
05-15-2018 19:49:40.6,81,11
05-15-2018 19:49:41.0,82,6
05-15-2018 19:49:41.9,81,6
05-15-2018 19:49:43.2,81,1
05-15-2018 19:49:43.2,82,11
05-15-2018 19:49:43.6,81,11
05-15-2018 19:49:44.0,82,1
05-15-2018 19:49:45.9,42,6
05-15-2018 19:49:45.9,46,6
05-15-2018 19:49:46.3,81,1
05-15-2018 19:49:46.7,4,6
05-15-2018 19:49:46.9,82,11
05-15-2018 19:49:47.2,81,11
05-15-2018 19:49:48.2,4,2
05-15-2018 19:49:49.4,82,9
05-15-2018 19:49:49.8,81,9
05-15-2018 19:49:50.0,82,1
05-15-2018 19:49:50.9,42,2
05-15-2018 19:49:50.9,46,2
05-15-2018 19:49:51.6,82,11
05-15-2018 19:49:51.8,81,11
05-15-2018 19:49:52.6,82,6
05-15-2018 19:49:52.6,43,6
05-15-2018 19:49:53.0,82,10
05-15-2018 19:49:53.3,81,6
05-15-2018 19:49:53.3,81,10
05-15-2018 19:49:53.3,44,6
05-15-2018 19:49:55.9,151,3
05-15-2018 19:49:55.9,151,8
05-15-2018 19:49:55.9,7,2
05-15-2018 19:49:55.9,7,6
05-15-2018 19:49:55.9,8,2
05-15-2018 19:49:55.9,8,6
05-15-2018 19:49:55.9,47,2
05-15-2018 19:49:55.9,47,3
05-15-2018 19:49:55.9,47,6
05-15-2018 19:49:55.9,47,8
05-15-2018 19:49:55.9,49,3
05-15-2018 19:49:55.9,49,8
05-15-2018 19:49:55.9,63,1
05-15-2018 19:49:55.9,63,3
05-15-2018 19:49:55.9,33,1
05-15-2018 19:49:55.9,33,5
05-15-2018 19:49:56.0,151,1
05-15-2018 19:49:56.0,151,4
05-15-2018 19:49:56.0,151,5
05-15-2018 19:49:56.0,151,7
05-15-2018 19:49:56.0,2,1
05-15-2018 19:49:56.0,2,2
05-15-2018 19:49:56.0,2,6
05-15-2018 19:49:56.0,47,1
05-15-2018 19:49:56.0,47,4
05-15-2018 19:49:56.0,47,5
05-15-2018 19:49:56.0,49,1
05-15-2018 19:49:56.0,49,4
05-15-2018 19:49:56.0,49,5
05-15-2018 19:49:56.0,43,1
05-15-2018 19:49:57.6,82,6
05-15-2018 19:49:58.4,81,6
05-15-2018 19:50:00.9,9,2
05-15-2018 19:50:00.9,9,6
05-15-2018 19:50:00.9,10,2
05-15-2018 19:50:00.9,10,6
05-15-2018 19:50:00.9,65,1
05-15-2018 19:50:00.9,65,3
05-15-2018 19:50:01.7,82,10
05-15-2018 19:50:01.9,81,10
05-15-2018 19:50:01.9,12,2
05-15-2018 19:50:01.9,12,6
05-15-2018 19:50:01.9,11,2
05-15-2018 19:50:01.9,11,6
05-15-2018 19:50:01.9,0,4
05-15-2018 19:50:01.9,0,8
05-15-2018 19:50:01.9,1,4
05-15-2018 19:50:01.9,1,8
05-15-2018 19:50:01.9,31,1
05-15-2018 19:50:02.0,4,4
05-15-2018 19:50:02.0,49,2
05-15-2018 19:50:02.0,49,6
05-15-2018 19:50:02.0,48,3
05-15-2018 19:50:02.0,48,8
05-15-2018 19:50:02.0,41,2
05-15-2018 19:50:02.0,41,6
05-15-2018 19:50:03.4,82,10
05-15-2018 19:50:03.8,81,10
05-15-2018 19:50:04.8,46,3
05-15-2018 19:50:06.3,82,9
05-15-2018 19:50:06.4,81,8
05-15-2018 19:50:06.4,44,8
05-15-2018 19:50:06.8,81,9
05-15-2018 19:50:07.9,3,4
05-15-2018 19:50:07.9,3,8
05-15-2018 19:50:08.4,82,4
05-15-2018 19:50:08.4,43,4
05-15-2018 19:50:09.2,4,8
05-15-2018 19:50:10.2,81,4
05-15-2018 19:50:10.2,44,4
05-15-2018 19:50:10.3,82,10
05-15-2018 19:50:10.5,81,10
05-15-2018 19:50:12.5,82,9
05-15-2018 19:50:13.0,81,9
05-15-2018 19:50:13.8,82,9
05-15-2018 19:50:14.0,7,4
05-15-2018 19:50:14.0,7,8
05-15-2018 19:50:14.0,8,4
05-15-2018 19:50:14.0,8,8
05-15-2018 19:50:14.0,4,4
05-15-2018 19:50:14.3,81,9
05-15-2018 19:50:16.0,82,5
05-15-2018 19:50:16.0,2,5
05-15-2018 19:50:16.0,43,5
05-15-2018 19:50:16.4,82,9
05-15-2018 19:50:17.2,81,9
05-15-2018 19:50:17.3,6,4
05-15-2018 19:50:17.5,9,4
05-15-2018 19:50:17.5,9,8
05-15-2018 19:50:17.5,10,4
05-15-2018 19:50:17.5,10,8
05-15-2018 19:50:18.5,12,4
05-15-2018 19:50:18.5,12,8
05-15-2018 19:50:18.5,11,4
05-15-2018 19:50:18.5,11,8
05-15-2018 19:50:18.5,0,1
05-15-2018 19:50:18.5,0,6
05-15-2018 19:50:18.5,1,1
05-15-2018 19:50:18.5,1,6
05-15-2018 19:50:18.5,61,1
05-15-2018 19:50:18.5,31,1
05-15-2018 19:50:18.6,44,5
05-15-2018 19:50:18.6,48,4
05-15-2018 19:50:18.6,64,3
05-15-2018 19:50:19.3,82,10
05-15-2018 19:50:19.8,81,10
05-15-2018 19:50:20.6,61,3
05-15-2018 19:50:20.6,32,5
05-15-2018 19:50:21.7,82,9
05-15-2018 19:50:22.1,81,1
05-15-2018 19:50:22.1,44,1
05-15-2018 19:50:22.2,81,9
05-15-2018 19:50:22.5,82,8
05-15-2018 19:50:22.5,2,8
05-15-2018 19:50:22.5,3,1
05-15-2018 19:50:22.5,43,8
05-15-2018 19:50:23.9,7,1
05-15-2018 19:50:23.9,8,1
05-15-2018 19:50:23.9,4,1
05-15-2018 19:50:23.9,63,1
05-15-2018 19:50:24.4,81,5
05-15-2018 19:50:26.6,46,4
05-15-2018 19:50:26.6,46,8
05-15-2018 19:50:26.9,9,1
05-15-2018 19:50:26.9,10,1
05-15-2018 19:50:26.9,65,1
05-15-2018 19:50:27.9,12,1
05-15-2018 19:50:27.9,11,1
05-15-2018 19:50:27.9,0,2
05-15-2018 19:50:27.9,1,2
05-15-2018 19:50:28.0,64,1
05-15-2018 19:50:28.1,4,2
05-15-2018 19:50:29.2,4,6
05-15-2018 19:50:30.0,61,1
05-15-2018 19:50:30.0,32,1
05-15-2018 19:50:33.8,82,4
05-15-2018 19:50:34.6,82,10
05-15-2018 19:50:35.4,81,10
05-15-2018 19:50:35.6,82,10
05-15-2018 19:50:36.2,81,10
05-15-2018 19:50:38.5,3,6
05-15-2018 19:50:38.8,48,1
05-15-2018 19:50:38.8,48,5
05-15-2018 19:50:41.8,2,4
05-15-2018 19:50:41.8,43,4
05-15-2018 19:50:42.5,46,1
05-15-2018 19:50:46.0,82,3
05-15-2018 19:50:46.0,2,3
05-15-2018 19:50:46.0,43,3
05-15-2018 19:50:47.5,82,11
05-15-2018 19:50:47.5,46,5
05-15-2018 19:50:47.8,81,11
05-15-2018 19:50:47.9,3,2
05-15-2018 19:50:52.9,81,8
05-15-2018 19:50:52.9,82,6
05-15-2018 19:50:52.9,44,8
05-15-2018 19:50:53.2,82,8
05-15-2018 19:50:53.2,2,8
05-15-2018 19:50:53.2,43,8
05-15-2018 19:50:53.6,81,6
05-15-2018 19:50:54.1,82,11
05-15-2018 19:50:54.4,81,11
05-15-2018 19:50:55.4,82,9
05-15-2018 19:50:55.8,81,9
05-15-2018 19:50:56.6,82,10
05-15-2018 19:50:56.9,81,10
05-15-2018 19:50:56.9,150,5
05-15-2018 19:50:56.9,48,2
05-15-2018 19:50:56.9,48,6
05-15-2018 19:50:57.0,150,1
05-15-2018 19:50:58.4,4,6
05-15-2018 19:50:59.2,82,11
05-15-2018 19:50:59.6,81,11
05-15-2018 19:50:59.6,82,9
05-15-2018 19:51:00.0,81,9
05-15-2018 19:51:00.2,82,6
05-15-2018 19:51:00.4,82,11
05-15-2018 19:51:00.8,81,11
05-15-2018 19:51:01.0,81,6
05-15-2018 19:51:01.9,82,12
05-15-2018 19:51:02.1,81,12
05-15-2018 19:51:02.7,82,9
05-15-2018 19:51:02.9,81,9
05-15-2018 19:51:03.9,82,10
05-15-2018 19:51:04.2,81,10
05-15-2018 19:51:05.2,82,9
05-15-2018 19:51:05.5,81,9
05-15-2018 19:51:05.8,4,6
05-15-2018 19:51:06.3,82,6
05-15-2018 19:51:06.4,82,10
05-15-2018 19:51:06.8,81,10
05-15-2018 19:51:06.9,81,6
05-15-2018 19:51:07.6,82,6
05-15-2018 19:51:08.3,82,1
05-15-2018 19:51:08.5,81,6
05-15-2018 19:51:09.5,82,9
05-15-2018 19:51:10.0,81,9
05-15-2018 19:51:10.5,82,9
05-15-2018 19:51:10.8,81,9
05-15-2018 19:51:12.2,81,1
05-15-2018 19:51:13.3,4,6
05-15-2018 19:51:14.1,4,2
05-15-2018 19:51:14.2,82,9
05-15-2018 19:51:14.7,81,9
05-15-2018 19:51:15.6,82,9
05-15-2018 19:51:16.2,81,9
05-15-2018 19:51:21.0,82,9
05-15-2018 19:51:21.4,81,9
05-15-2018 19:51:23.0,82,11
05-15-2018 19:51:23.3,81,11
05-15-2018 19:51:25.5,82,9
05-15-2018 19:51:25.7,81,9
05-15-2018 19:51:27.6,82,11
05-15-2018 19:51:27.9,81,11
05-15-2018 19:51:28.1,82,12
05-15-2018 19:51:28.2,82,6
05-15-2018 19:51:28.3,81,12
05-15-2018 19:51:28.9,81,6
05-15-2018 19:51:29.6,82,11
05-15-2018 19:51:29.9,81,11
05-15-2018 19:51:31.8,82,12
05-15-2018 19:51:32.2,81,12
05-15-2018 19:51:32.6,82,11
05-15-2018 19:51:32.9,81,11
05-15-2018 19:51:33.5,82,6
05-15-2018 19:51:34.3,81,6
05-15-2018 19:51:35.5,82,6
05-15-2018 19:51:35.6,82,1
05-15-2018 19:51:35.9,82,11
05-15-2018 19:51:36.2,81,6
05-15-2018 19:51:36.3,81,11
05-15-2018 19:51:37.6,81,1
05-15-2018 19:51:37.8,82,6
05-15-2018 19:51:38.3,81,8
05-15-2018 19:51:38.3,44,8
05-15-2018 19:51:38.6,81,6
05-15-2018 19:51:38.8,82,11
05-15-2018 19:51:39.2,81,11
05-15-2018 19:51:39.5,4,2
05-15-2018 19:51:39.6,82,1
05-15-2018 19:51:41.6,81,1
05-15-2018 19:51:43.2,82,1
05-15-2018 19:51:43.4,4,6
05-15-2018 19:51:44.3,82,6
05-15-2018 19:51:44.9,81,1
05-15-2018 19:51:45.0,81,6
05-15-2018 19:51:45.9,42,6
05-15-2018 19:51:45.9,46,6
05-15-2018 19:51:46.8,4,2
05-15-2018 19:51:49.8,4,6
05-15-2018 19:51:50.9,151,3
05-15-2018 19:51:50.9,151,8
05-15-2018 19:51:50.9,7,2
05-15-2018 19:51:50.9,7,6
05-15-2018 19:51:50.9,8,2
05-15-2018 19:51:50.9,8,6
05-15-2018 19:51:50.9,42,2
05-15-2018 19:51:50.9,47,3
05-15-2018 19:51:50.9,47,6
05-15-2018 19:51:50.9,47,8
05-15-2018 19:51:50.9,49,3
05-15-2018 19:51:50.9,49,8
05-15-2018 19:51:50.9,63,1
05-15-2018 19:51:50.9,63,3
05-15-2018 19:51:50.9,33,1
05-15-2018 19:51:50.9,33,5
05-15-2018 19:51:51.0,151,1
05-15-2018 19:51:51.0,151,4
05-15-2018 19:51:51.0,151,5
05-15-2018 19:51:51.0,151,7
05-15-2018 19:51:51.0,2,2
05-15-2018 19:51:51.0,2,6
05-15-2018 19:51:51.0,47,1
05-15-2018 19:51:51.0,47,4
05-15-2018 19:51:51.0,47,5
05-15-2018 19:51:51.0,49,1
05-15-2018 19:51:51.0,49,4
05-15-2018 19:51:51.0,49,5
05-15-2018 19:51:51.3,82,10
05-15-2018 19:51:51.5,81,10
05-15-2018 19:51:55.9,9,2
05-15-2018 19:51:55.9,9,6
05-15-2018 19:51:55.9,10,2
05-15-2018 19:51:55.9,10,6
05-15-2018 19:51:55.9,65,1
05-15-2018 19:51:55.9,65,3
05-15-2018 19:51:56.9,12,2
05-15-2018 19:51:56.9,12,6
05-15-2018 19:51:56.9,11,2
05-15-2018 19:51:56.9,11,6
05-15-2018 19:51:56.9,0,3
05-15-2018 19:51:56.9,0,8
05-15-2018 19:51:56.9,1,3
05-15-2018 19:51:56.9,1,8
05-15-2018 19:51:56.9,31,1
05-15-2018 19:51:57.0,4,8
05-15-2018 19:51:57.0,49,2
05-15-2018 19:51:57.0,49,6
05-15-2018 19:51:57.0,48,3
05-15-2018 19:51:57.0,48,8
05-15-2018 19:51:57.0,41,2
05-15-2018 19:51:57.0,41,6
05-15-2018 19:52:00.0,82,10
05-15-2018 19:52:00.4,81,10
05-15-2018 19:52:00.9,3,3
05-15-2018 19:52:02.6,82,10
05-15-2018 19:52:02.9,81,10
05-15-2018 19:52:02.9,3,8
05-15-2018 19:52:05.4,46,3
05-15-2018 19:52:05.7,81,3
05-15-2018 19:52:05.7,44,3
05-15-2018 19:52:06.5,82,3
05-15-2018 19:52:06.5,43,3
05-15-2018 19:52:07.3,82,9
05-15-2018 19:52:07.7,81,9
05-15-2018 19:52:08.6,81,3
05-15-2018 19:52:08.6,44,3
05-15-2018 19:52:10.5,82,9
05-15-2018 19:52:10.9,81,9
05-15-2018 19:52:11.4,7,3
05-15-2018 19:52:11.4,8,3
05-15-2018 19:52:11.4,4,3
05-15-2018 19:52:12.6,82,9
05-15-2018 19:52:13.0,81,9
05-15-2018 19:52:14.4,9,3
05-15-2018 19:52:14.4,10,3
05-15-2018 19:52:14.9,6,3
05-15-2018 19:52:15.2,82,9
05-15-2018 19:52:15.4,12,3
05-15-2018 19:52:15.4,11,3
05-15-2018 19:52:15.4,0,4
05-15-2018 19:52:15.4,1,4
05-15-2018 19:52:15.5,81,9
05-15-2018 19:52:15.5,48,4
05-15-2018 19:52:15.6,82,8
05-15-2018 19:52:15.6,43,8
05-15-2018 19:52:17.1,81,8
05-15-2018 19:52:17.1,44,8
05-15-2018 19:52:19.0,82,10
05-15-2018 19:52:19.4,81,10
05-15-2018 19:52:19.9,4,8
05-15-2018 19:52:21.4,3,4
05-15-2018 19:52:22.2,81,4
05-15-2018 19:52:22.2,44,4
05-15-2018 19:52:22.7,82,10
05-15-2018 19:52:23.0,81,10
05-15-2018 19:52:23.3,82,4
05-15-2018 19:52:23.3,43,4
05-15-2018 19:52:24.4,82,3
05-15-2018 19:52:24.4,2,3
05-15-2018 19:52:24.4,43,3
05-15-2018 19:52:24.7,81,3
05-15-2018 19:52:24.7,44,3
05-15-2018 19:52:24.8,82,9
05-15-2018 19:52:25.2,81,9
05-15-2018 19:52:25.8,46,8
05-15-2018 19:52:25.9,46,4
05-15-2018 19:52:26.4,81,4
05-15-2018 19:52:26.4,44,4
05-15-2018 19:52:28.4,82,8
05-15-2018 19:52:28.4,43,8
05-15-2018 19:52:30.1,82,9
05-15-2018 19:52:30.2,4,4
05-15-2018 19:52:30.4,81,8
05-15-2018 19:52:30.4,44,8
05-15-2018 19:52:30.5,81,9
05-15-2018 19:52:32.8,6,4
05-15-2018 19:52:33.2,7,4
05-15-2018 19:52:33.2,7,8
05-15-2018 19:52:33.2,8,4
05-15-2018 19:52:33.2,8,8
05-15-2018 19:52:33.2,4,8
05-15-2018 19:52:36.3,6,8
05-15-2018 19:52:36.7,9,4
05-15-2018 19:52:36.7,9,8
05-15-2018 19:52:36.7,10,4
05-15-2018 19:52:36.7,10,8
05-15-2018 19:52:37.7,12,4
05-15-2018 19:52:37.7,12,8
05-15-2018 19:52:37.7,11,4
05-15-2018 19:52:37.7,11,8
05-15-2018 19:52:37.7,0,2
05-15-2018 19:52:37.7,0,6
05-15-2018 19:52:37.7,1,2
05-15-2018 19:52:37.7,1,6
05-15-2018 19:52:37.7,31,1
05-15-2018 19:52:37.8,4,6
05-15-2018 19:52:37.8,48,1
05-15-2018 19:52:37.8,48,5
05-15-2018 19:52:37.8,64,1
05-15-2018 19:52:37.8,64,3
05-15-2018 19:52:37.9,4,2
05-15-2018 19:52:39.8,61,1
05-15-2018 19:52:39.8,61,3
05-15-2018 19:52:39.8,32,1
05-15-2018 19:52:39.8,32,5
05-15-2018 19:52:41.3,46,1
05-15-2018 19:52:42.6,82,9
05-15-2018 19:52:43.2,81,9
05-15-2018 19:52:46.3,46,5
05-15-2018 19:52:47.4,82,4
05-15-2018 19:52:50.3,82,9
05-15-2018 19:52:50.7,81,9
05-15-2018 19:52:51.9,82,11
05-15-2018 19:52:52.4,81,11
05-15-2018 19:52:55.4,82,11
05-15-2018 19:52:55.4,2,4
05-15-2018 19:52:55.4,43,4
05-15-2018 19:52:55.7,82,10
05-15-2018 19:52:55.8,81,11
05-15-2018 19:52:56.2,81,10
05-15-2018 19:52:56.9,150,5
05-15-2018 19:52:56.9,48,2
05-15-2018 19:52:56.9,48,6
05-15-2018 19:52:57.0,150,1
05-15-2018 19:52:57.7,3,2
05-15-2018 19:52:57.7,3,6
05-15-2018 19:52:58.8,82,9
05-15-2018 19:52:59.3,81,9
05-15-2018 19:52:59.3,82,11
05-15-2018 19:52:59.5,82,12
05-15-2018 19:52:59.6,81,11
05-15-2018 19:52:59.9,81,12
05-15-2018 19:53:01.0,82,10
05-15-2018 19:53:01.2,81,10
05-15-2018 19:53:01.5,82,3
05-15-2018 19:53:01.5,2,3
05-15-2018 19:53:01.5,43,3
05-15-2018 19:53:01.7,82,1
05-15-2018 19:53:04.4,82,12
05-15-2018 19:53:04.8,81,12
05-15-2018 19:53:04.8,82,6
05-15-2018 19:53:05.1,81,1
05-15-2018 19:53:05.4,82,11
05-15-2018 19:53:05.5,82,1
05-15-2018 19:53:05.7,81,11
05-15-2018 19:53:06.1,81,6
05-15-2018 19:53:09.0,82,11
05-15-2018 19:53:09.1,82,5
05-15-2018 19:53:09.2,81,11
05-15-2018 19:53:10.4,82,6
05-15-2018 19:53:11.2,81,6
05-15-2018 19:53:11.3,82,6
05-15-2018 19:53:11.4,82,8
05-15-2018 19:53:11.4,2,8
05-15-2018 19:53:11.4,43,8
05-15-2018 19:53:12.1,81,6
05-15-2018 19:53:13.0,82,9
05-15-2018 19:53:13.1,81,1
05-15-2018 19:53:13.3,82,11
05-15-2018 19:53:13.6,81,11
05-15-2018 19:53:13.7,81,9
05-15-2018 19:53:14.5,82,6
05-15-2018 19:53:14.9,82,10
05-15-2018 19:53:15.2,81,6
05-15-2018 19:53:15.2,81,10
05-15-2018 19:53:16.5,82,12
05-15-2018 19:53:16.9,81,12
05-15-2018 19:53:17.0,82,11
05-15-2018 19:53:17.0,4,2
05-15-2018 19:53:17.3,81,11
05-15-2018 19:53:18.8,82,6
05-15-2018 19:53:19.5,81,6
05-15-2018 19:53:22.9,82,6
05-15-2018 19:53:24.4,81,6
05-15-2018 19:53:26.4,82,9
05-15-2018 19:53:26.8,81,9
05-15-2018 19:53:33.2,81,5
05-15-2018 19:53:38.0,4,6
05-15-2018 19:53:45.9,42,6
05-15-2018 19:53:45.9,46,6
05-15-2018 19:53:50.1,82,10
05-15-2018 19:53:50.4,81,10
05-15-2018 19:53:50.9,151,3
05-15-2018 19:53:50.9,151,8
05-15-2018 19:53:50.9,7,2
05-15-2018 19:53:50.9,7,6
05-15-2018 19:53:50.9,8,2
05-15-2018 19:53:50.9,8,6
05-15-2018 19:53:50.9,42,2
05-15-2018 19:53:50.9,47,3
05-15-2018 19:53:50.9,47,6
05-15-2018 19:53:50.9,47,8
05-15-2018 19:53:50.9,49,3
05-15-2018 19:53:50.9,49,8
05-15-2018 19:53:50.9,63,1
05-15-2018 19:53:50.9,63,3
05-15-2018 19:53:50.9,33,1
05-15-2018 19:53:50.9,33,5
05-15-2018 19:53:51.0,151,1
05-15-2018 19:53:51.0,151,4
05-15-2018 19:53:51.0,151,5
05-15-2018 19:53:51.0,151,7
05-15-2018 19:53:51.0,2,2
05-15-2018 19:53:51.0,2,6
05-15-2018 19:53:51.0,47,1
05-15-2018 19:53:51.0,47,4
05-15-2018 19:53:51.0,47,5
05-15-2018 19:53:51.0,49,1
05-15-2018 19:53:51.0,49,4
05-15-2018 19:53:51.0,49,5
05-15-2018 19:53:55.9,9,2
05-15-2018 19:53:55.9,9,6
05-15-2018 19:53:55.9,10,2
05-15-2018 19:53:55.9,10,6
05-15-2018 19:53:55.9,65,1
05-15-2018 19:53:55.9,65,3
05-15-2018 19:53:56.9,12,2
05-15-2018 19:53:56.9,12,6
05-15-2018 19:53:56.9,11,2
05-15-2018 19:53:56.9,11,6
05-15-2018 19:53:56.9,0,3
05-15-2018 19:53:56.9,0,8
05-15-2018 19:53:56.9,1,3
05-15-2018 19:53:56.9,1,8
05-15-2018 19:53:56.9,31,1
05-15-2018 19:53:57.0,49,2
05-15-2018 19:53:57.0,49,6
05-15-2018 19:53:57.0,48,3
05-15-2018 19:53:57.0,48,8
05-15-2018 19:53:57.0,41,2
05-15-2018 19:53:57.0,41,6
05-15-2018 19:53:58.4,82,10
05-15-2018 19:53:58.8,81,10
05-15-2018 19:54:00.1,82,9
05-15-2018 19:54:00.5,81,9
05-15-2018 19:54:00.9,3,3
05-15-2018 19:54:02.5,82,10
05-15-2018 19:54:02.9,81,10
05-15-2018 19:54:02.9,3,8
05-15-2018 19:54:04.2,81,3
05-15-2018 19:54:04.2,44,3
05-15-2018 19:54:05.4,46,3
05-15-2018 19:54:05.8,81,8
05-15-2018 19:54:05.8,44,8
05-15-2018 19:54:06.0,82,8
05-15-2018 19:54:06.0,43,8
05-15-2018 19:54:07.0,7,3
05-15-2018 19:54:07.0,8,3
05-15-2018 19:54:07.0,4,3
05-15-2018 19:54:09.0,81,8
05-15-2018 19:54:09.0,44,8
05-15-2018 19:54:10.0,9,3
05-15-2018 19:54:10.0,10,3
05-15-2018 19:54:10.5,82,9
05-15-2018 19:54:10.9,82,3
05-15-2018 19:54:10.9,2,3
05-15-2018 19:54:10.9,43,3
05-15-2018 19:54:11.0,12,3
05-15-2018 19:54:11.0,11,3
05-15-2018 19:54:11.0,0,4
05-15-2018 19:54:11.0,1,4
05-15-2018 19:54:11.2,81,9
05-15-2018 19:54:11.7,82,10
05-15-2018 19:54:11.8,4,8
05-15-2018 19:54:12.2,81,10
05-15-2018 19:54:12.6,82,5
05-15-2018 19:54:12.6,2,5
05-15-2018 19:54:12.6,43,5
05-15-2018 19:54:14.7,48,4
05-15-2018 19:54:14.9,82,11
05-15-2018 19:54:15.3,81,11
05-15-2018 19:54:15.6,82,9
05-15-2018 19:54:16.4,81,9
05-15-2018 19:54:16.8,81,4
05-15-2018 19:54:16.8,44,4
05-15-2018 19:54:17.0,3,4
05-15-2018 19:54:18.1,82,4
05-15-2018 19:54:18.1,43,4
05-15-2018 19:54:20.2,81,4
05-15-2018 19:54:20.2,44,4
05-15-2018 19:54:20.8,82,4
05-15-2018 19:54:20.8,43,4
05-15-2018 19:54:21.3,82,8
05-15-2018 19:54:21.3,43,8
05-15-2018 19:54:21.4,82,9
05-15-2018 19:54:22.2,81,9
05-15-2018 19:54:22.5,81,4
05-15-2018 19:54:22.5,44,4
05-15-2018 19:54:23.4,81,8
05-15-2018 19:54:23.4,44,8
05-15-2018 19:54:23.6,82,4
05-15-2018 19:54:23.6,43,4
05-15-2018 19:54:24.1,82,6
05-15-2018 19:54:25.2,81,4
05-15-2018 19:54:25.2,44,4
05-15-2018 19:54:25.8,46,8
05-15-2018 19:54:25.9,46,4
05-15-2018 19:54:26.2,4,8
05-15-2018 19:54:27.0,82,8
05-15-2018 19:54:27.0,43,8
05-15-2018 19:54:27.4,82,4
05-15-2018 19:54:27.4,43,4
05-15-2018 19:54:28.4,6,4
05-15-2018 19:54:28.6,81,4
05-15-2018 19:54:28.6,44,4
05-15-2018 19:54:29.0,81,8
05-15-2018 19:54:29.0,44,8
05-15-2018 19:54:31.7,82,12
05-15-2018 19:54:31.8,7,4
05-15-2018 19:54:31.8,7,8
05-15-2018 19:54:31.8,8,4
05-15-2018 19:54:31.8,8,8
05-15-2018 19:54:31.8,4,8
05-15-2018 19:54:32.0,81,12
05-15-2018 19:54:32.7,82,9
05-15-2018 19:54:32.9,81,9
05-15-2018 19:54:33.0,82,8
05-15-2018 19:54:33.0,2,8
05-15-2018 19:54:33.0,43,8
05-15-2018 19:54:35.3,81,8
05-15-2018 19:54:35.3,9,4
05-15-2018 19:54:35.3,9,8
05-15-2018 19:54:35.3,10,4
05-15-2018 19:54:35.3,10,8
05-15-2018 19:54:35.3,44,8
05-15-2018 19:54:36.3,12,4
05-15-2018 19:54:36.3,12,8
05-15-2018 19:54:36.3,11,4
05-15-2018 19:54:36.3,11,8
05-15-2018 19:54:36.3,0,2
05-15-2018 19:54:36.3,0,5
05-15-2018 19:54:36.3,1,2
05-15-2018 19:54:36.3,1,5
05-15-2018 19:54:36.3,61,3
05-15-2018 19:54:36.3,31,1
05-15-2018 19:54:36.4,64,1
05-15-2018 19:54:36.5,4,2
05-15-2018 19:54:36.6,48,1
05-15-2018 19:54:36.6,48,5
05-15-2018 19:54:37.5,81,3
05-15-2018 19:54:37.5,44,3
05-15-2018 19:54:38.4,61,1
05-15-2018 19:54:38.4,32,1
05-15-2018 19:54:40.3,3,5
05-15-2018 19:54:40.9,82,3
05-15-2018 19:54:40.9,2,3
05-15-2018 19:54:40.9,43,3
05-15-2018 19:54:41.0,81,5
05-15-2018 19:54:41.0,44,5
05-15-2018 19:54:41.1,82,8
05-15-2018 19:54:41.1,2,8
05-15-2018 19:54:41.1,43,8
05-15-2018 19:54:41.3,46,1
05-15-2018 19:54:41.6,82,10
05-15-2018 19:54:42.0,81,10
05-15-2018 19:54:42.8,7,5
05-15-2018 19:54:42.8,8,5
05-15-2018 19:54:42.8,4,5
05-15-2018 19:54:42.8,63,3
05-15-2018 19:54:43.5,82,9
05-15-2018 19:54:43.9,81,9
05-15-2018 19:54:45.8,9,5
05-15-2018 19:54:45.8,10,5
05-15-2018 19:54:45.8,65,3
05-15-2018 19:54:46.3,46,5
05-15-2018 19:54:46.6,82,4
05-15-2018 19:54:46.8,12,5
05-15-2018 19:54:46.8,11,5
05-15-2018 19:54:46.8,0,6
05-15-2018 19:54:46.8,1,6
05-15-2018 19:54:46.9,64,3
05-15-2018 19:54:48.3,81,4
05-15-2018 19:54:48.9,61,3
05-15-2018 19:54:48.9,32,5
05-15-2018 19:54:50.2,82,9
05-15-2018 19:54:50.6,81,6
05-15-2018 19:54:50.7,81,9
05-15-2018 19:54:55.4,4,6
05-15-2018 19:54:55.8,82,11
05-15-2018 19:54:55.9,82,12
05-15-2018 19:54:56.3,81,8
05-15-2018 19:54:56.3,81,11
05-15-2018 19:54:56.3,81,12
05-15-2018 19:54:56.3,3,2
05-15-2018 19:54:56.3,44,8
05-15-2018 19:54:56.9,150,5
05-15-2018 19:54:56.9,48,2
05-15-2018 19:54:56.9,48,6
05-15-2018 19:54:57.0,150,1
05-15-2018 19:54:57.7,82,6
05-15-2018 19:54:58.0,82,11
05-15-2018 19:54:58.3,81,11
05-15-2018 19:54:58.8,81,6
05-15-2018 19:55:01.4,82,6
05-15-2018 19:55:02.2,81,6
05-15-2018 19:55:02.9,82,6
05-15-2018 19:55:04.1,81,6
05-15-2018 19:55:04.8,82,8
05-15-2018 19:55:04.8,2,8
05-15-2018 19:55:04.8,43,8
05-15-2018 19:55:06.8,3,6
05-15-2018 19:55:08.9,4,6
05-15-2018 19:55:10.9,82,11
05-15-2018 19:55:11.3,81,11
05-15-2018 19:55:15.7,82,11
05-15-2018 19:55:16.1,81,11
05-15-2018 19:55:16.2,82,9
05-15-2018 19:55:16.5,81,9
05-15-2018 19:55:18.4,82,1
05-15-2018 19:55:20.6,81,1
05-15-2018 19:55:21.6,82,6
05-15-2018 19:55:22.3,81,6
05-15-2018 19:55:22.7,4,2
05-15-2018 19:55:22.8,82,11
05-15-2018 19:55:23.1,81,11
05-15-2018 19:55:25.2,82,11
05-15-2018 19:55:25.3,82,12
05-15-2018 19:55:25.4,81,11
05-15-2018 19:55:25.6,81,12
05-15-2018 19:55:27.0,82,11
05-15-2018 19:55:27.1,4,6
05-15-2018 19:55:27.3,81,11
05-15-2018 19:55:27.3,82,12
05-15-2018 19:55:27.6,81,12
05-15-2018 19:55:28.3,82,6
05-15-2018 19:55:29.0,81,6
05-15-2018 19:55:29.5,82,12
05-15-2018 19:55:29.8,81,12
05-15-2018 19:55:30.4,82,6
05-15-2018 19:55:31.4,81,6
05-15-2018 19:55:32.3,82,6
05-15-2018 19:55:32.5,82,11
05-15-2018 19:55:32.8,81,11
05-15-2018 19:55:33.5,81,6
05-15-2018 19:55:34.7,82,11
05-15-2018 19:55:34.9,81,11
05-15-2018 19:55:35.0,82,6
05-15-2018 19:55:35.7,81,6
05-15-2018 19:55:37.5,82,11
05-15-2018 19:55:37.8,81,11
05-15-2018 19:55:37.8,82,6
05-15-2018 19:55:37.9,82,9
05-15-2018 19:55:38.2,81,9
05-15-2018 19:55:38.5,81,6
05-15-2018 19:55:39.9,82,10
05-15-2018 19:55:40.2,81,10
05-15-2018 19:55:40.3,82,6
05-15-2018 19:55:41.0,81,6
05-15-2018 19:55:43.3,82,6
05-15-2018 19:55:44.1,81,6
05-15-2018 19:55:45.9,42,6
05-15-2018 19:55:45.9,46,6
05-15-2018 19:55:46.0,82,9
05-15-2018 19:55:46.3,81,9
05-15-2018 19:55:48.1,82,11
05-15-2018 19:55:48.3,81,11
05-15-2018 19:55:48.8,82,12
05-15-2018 19:55:48.9,81,12
05-15-2018 19:55:48.9,82,10
05-15-2018 19:55:48.9,4,6
05-15-2018 19:55:49.2,81,10
05-15-2018 19:55:49.2,82,5
05-15-2018 19:55:49.2,43,6
05-15-2018 19:55:50.9,151,3
05-15-2018 19:55:50.9,151,8
05-15-2018 19:55:50.9,7,2
05-15-2018 19:55:50.9,7,6
05-15-2018 19:55:50.9,8,2
05-15-2018 19:55:50.9,8,6
05-15-2018 19:55:50.9,42,2
05-15-2018 19:55:50.9,44,6
05-15-2018 19:55:50.9,47,3
05-15-2018 19:55:50.9,47,6
05-15-2018 19:55:50.9,47,8
05-15-2018 19:55:50.9,49,3
05-15-2018 19:55:50.9,49,8
05-15-2018 19:55:50.9,63,1
05-15-2018 19:55:50.9,63,3
05-15-2018 19:55:50.9,33,1
05-15-2018 19:55:50.9,33,5
05-15-2018 19:55:51.0,151,1
05-15-2018 19:55:51.0,151,4
05-15-2018 19:55:51.0,151,5
05-15-2018 19:55:51.0,151,7
05-15-2018 19:55:51.0,2,2
05-15-2018 19:55:51.0,2,5
05-15-2018 19:55:51.0,2,6
05-15-2018 19:55:51.0,47,1
05-15-2018 19:55:51.0,47,4
05-15-2018 19:55:51.0,47,5
05-15-2018 19:55:51.0,49,1
05-15-2018 19:55:51.0,49,4
05-15-2018 19:55:51.0,49,5
05-15-2018 19:55:51.0,43,5
05-15-2018 19:55:51.2,82,12
05-15-2018 19:55:51.5,81,12
05-15-2018 19:55:52.9,82,6
05-15-2018 19:55:53.5,81,6
05-15-2018 19:55:55.9,9,2
05-15-2018 19:55:55.9,9,6
05-15-2018 19:55:55.9,10,2
05-15-2018 19:55:55.9,10,6
05-15-2018 19:55:55.9,65,1
05-15-2018 19:55:55.9,65,3
05-15-2018 19:55:56.1,82,10
05-15-2018 19:55:56.4,81,10
05-15-2018 19:55:56.4,82,9
05-15-2018 19:55:56.7,82,6
05-15-2018 19:55:56.9,81,9
05-15-2018 19:55:56.9,12,2
05-15-2018 19:55:56.9,12,6
05-15-2018 19:55:56.9,11,2
05-15-2018 19:55:56.9,11,6
05-15-2018 19:55:56.9,0,3
05-15-2018 19:55:56.9,0,8
05-15-2018 19:55:56.9,1,3
05-15-2018 19:55:56.9,1,8
05-15-2018 19:55:56.9,31,1
05-15-2018 19:55:57.0,49,2
05-15-2018 19:55:57.0,49,6
05-15-2018 19:55:57.0,48,3
05-15-2018 19:55:57.0,48,8
05-15-2018 19:55:57.0,41,2
05-15-2018 19:55:57.0,41,6
05-15-2018 19:56:00.0,82,9
05-15-2018 19:56:00.3,81,9
05-15-2018 19:56:00.9,3,3
05-15-2018 19:56:02.0,82,9
05-15-2018 19:56:02.4,81,9
05-15-2018 19:56:02.9,3,8
05-15-2018 19:56:03.2,81,3
05-15-2018 19:56:03.2,44,3
05-15-2018 19:56:03.5,82,3
05-15-2018 19:56:03.5,43,3
05-15-2018 19:56:03.8,81,8
05-15-2018 19:56:03.8,44,8
05-15-2018 19:56:04.4,82,9
05-15-2018 19:56:04.5,82,4
05-15-2018 19:56:05.1,81,9
05-15-2018 19:56:05.4,46,3
05-15-2018 19:56:05.7,81,4
05-15-2018 19:56:06.1,81,3
05-15-2018 19:56:06.1,44,3
05-15-2018 19:56:06.6,4,8
05-15-2018 19:56:08.8,82,10
05-15-2018 19:56:08.9,7,3
05-15-2018 19:56:08.9,7,8
05-15-2018 19:56:08.9,8,3
05-15-2018 19:56:08.9,8,8
05-15-2018 19:56:08.9,4,3
05-15-2018 19:56:09.3,81,10
05-15-2018 19:56:11.9,9,3
05-15-2018 19:56:11.9,10,3
05-15-2018 19:56:12.4,9,8
05-15-2018 19:56:12.4,10,8
05-15-2018 19:56:12.9,11,3
05-15-2018 19:56:13.4,12,3
05-15-2018 19:56:13.4,12,8
05-15-2018 19:56:13.4,11,8
05-15-2018 19:56:13.4,0,2
05-15-2018 19:56:13.4,0,5
05-15-2018 19:56:13.4,1,2
05-15-2018 19:56:13.4,1,5
05-15-2018 19:56:13.4,61,3
05-15-2018 19:56:13.4,31,1
05-15-2018 19:56:13.5,64,1
05-15-2018 19:56:13.6,4,2
05-15-2018 19:56:14.7,48,4
05-15-2018 19:56:15.5,61,1
05-15-2018 19:56:15.5,32,1
05-15-2018 19:56:16.4,81,5
05-15-2018 19:56:16.4,44,5
05-15-2018 19:56:17.4,3,5
05-15-2018 19:56:18.2,7,5
05-15-2018 19:56:18.2,8,5
05-15-2018 19:56:18.2,4,5
05-15-2018 19:56:18.2,63,3
05-15-2018 19:56:20.6,82,4
05-15-2018 19:56:21.1,82,5
05-15-2018 19:56:21.1,2,5
05-15-2018 19:56:21.1,43,5
05-15-2018 19:56:21.2,9,5
05-15-2018 19:56:21.2,10,5
05-15-2018 19:56:21.2,65,3
05-15-2018 19:56:21.4,82,12
05-15-2018 19:56:21.6,81,4
05-15-2018 19:56:21.7,81,12
05-15-2018 19:56:22.2,12,5
05-15-2018 19:56:22.2,11,5
05-15-2018 19:56:22.2,0,6
05-15-2018 19:56:22.2,1,6
05-15-2018 19:56:22.3,44,5
05-15-2018 19:56:22.3,64,3
05-15-2018 19:56:24.3,61,3
05-15-2018 19:56:24.3,32,5
05-15-2018 19:56:24.4,46,4
05-15-2018 19:56:25.8,46,8
05-15-2018 19:56:27.7,82,10
05-15-2018 19:56:28.0,81,10
05-15-2018 19:56:28.4,81,6
05-15-2018 19:56:30.4,82,6
05-15-2018 19:56:32.6,81,6
05-15-2018 19:56:32.8,81,5
05-15-2018 19:56:33.4,3,2
05-15-2018 19:56:37.6,4,6
05-15-2018 19:56:37.8,82,4
05-15-2018 19:56:38.0,48,1
05-15-2018 19:56:38.0,48,5
05-15-2018 19:56:39.7,81,4
05-15-2018 19:56:40.4,82,8
05-15-2018 19:56:40.4,2,8
05-15-2018 19:56:40.4,43,8
05-15-2018 19:56:41.4,82,9
05-15-2018 19:56:41.7,81,9
05-15-2018 19:56:41.7,82,3
05-15-2018 19:56:41.7,2,3
05-15-2018 19:56:41.7,43,3
05-15-2018 19:56:42.2,3,6
05-15-2018 19:56:42.7,46,1
05-15-2018 19:56:46.1,82,10
05-15-2018 19:56:46.4,81,10
05-15-2018 19:56:46.5,82,9
05-15-2018 19:56:46.9,81,9
05-15-2018 19:56:47.7,46,5
05-15-2018 19:56:51.0,82,10
05-15-2018 19:56:51.0,82,12
05-15-2018 19:56:51.3,81,12
05-15-2018 19:56:51.4,81,10
05-15-2018 19:56:53.1,82,9
05-15-2018 19:56:53.4,81,9
05-15-2018 19:56:56.2,82,6
05-15-2018 19:56:56.8,81,6
05-15-2018 19:56:56.9,150,5
05-15-2018 19:56:56.9,48,2
05-15-2018 19:56:56.9,48,6
05-15-2018 19:56:57.0,150,1
05-15-2018 19:57:00.1,82,11
05-15-2018 19:57:00.4,81,11
05-15-2018 19:57:01.6,4,6
05-15-2018 19:57:02.2,82,11
05-15-2018 19:57:02.6,81,11
05-15-2018 19:57:07.7,82,1
05-15-2018 19:57:08.5,82,6
05-15-2018 19:57:09.1,81,1
05-15-2018 19:57:09.3,81,6
05-15-2018 19:57:12.1,4,2
05-15-2018 19:57:14.1,4,6
05-15-2018 19:57:15.0,82,9
05-15-2018 19:57:15.3,81,9
05-15-2018 19:57:15.7,82,12
05-15-2018 19:57:15.9,81,12
05-15-2018 19:57:17.7,82,11
05-15-2018 19:57:18.2,81,11
05-15-2018 19:57:19.6,82,6
05-15-2018 19:57:20.1,81,6
05-15-2018 19:57:21.7,82,6
05-15-2018 19:57:22.3,81,6
05-15-2018 19:57:23.1,82,11
05-15-2018 19:57:23.4,81,11
05-15-2018 19:57:27.1,4,6
05-15-2018 19:57:28.4,82,6
05-15-2018 19:57:29.2,81,6
05-15-2018 19:57:34.0,4,6
05-15-2018 19:57:36.0,82,10
05-15-2018 19:57:36.3,81,10
05-15-2018 19:57:37.8,82,10
05-15-2018 19:57:38.3,81,10
05-15-2018 19:57:39.1,82,9
05-15-2018 19:57:39.4,81,9
05-15-2018 19:57:39.9,82,10
05-15-2018 19:57:40.1,81,10
05-15-2018 19:57:40.9,82,9
05-15-2018 19:57:41.2,81,9
05-15-2018 19:57:45.3,82,9
05-15-2018 19:57:45.5,81,9
05-15-2018 19:57:45.9,42,6
05-15-2018 19:57:45.9,46,6
05-15-2018 19:57:46.2,82,12
05-15-2018 19:57:46.5,81,12
05-15-2018 19:57:46.9,82,11
05-15-2018 19:57:47.2,81,11
05-15-2018 19:57:47.2,82,10
05-15-2018 19:57:47.6,81,10
05-15-2018 19:57:50.8,82,6
05-15-2018 19:57:50.9,151,3
05-15-2018 19:57:50.9,151,8
05-15-2018 19:57:50.9,7,2
05-15-2018 19:57:50.9,7,6
05-15-2018 19:57:50.9,8,2
05-15-2018 19:57:50.9,8,6
05-15-2018 19:57:50.9,42,2
05-15-2018 19:57:50.9,47,3
05-15-2018 19:57:50.9,47,6
05-15-2018 19:57:50.9,47,8
05-15-2018 19:57:50.9,49,3
05-15-2018 19:57:50.9,49,8
05-15-2018 19:57:50.9,63,1
05-15-2018 19:57:50.9,63,3
05-15-2018 19:57:50.9,33,1
05-15-2018 19:57:50.9,33,5
05-15-2018 19:57:51.0,151,1
05-15-2018 19:57:51.0,151,4
05-15-2018 19:57:51.0,151,5
05-15-2018 19:57:51.0,151,7
05-15-2018 19:57:51.0,2,2
05-15-2018 19:57:51.0,2,6
05-15-2018 19:57:51.0,47,1
05-15-2018 19:57:51.0,47,4
05-15-2018 19:57:51.0,47,5
05-15-2018 19:57:51.0,49,1
05-15-2018 19:57:51.0,49,4
05-15-2018 19:57:51.0,49,5
05-15-2018 19:57:51.4,81,6
05-15-2018 19:57:52.4,82,6
05-15-2018 19:57:53.2,81,6
05-15-2018 19:57:55.9,9,2
05-15-2018 19:57:55.9,9,6
05-15-2018 19:57:55.9,10,2
05-15-2018 19:57:55.9,10,6
05-15-2018 19:57:55.9,65,1
05-15-2018 19:57:55.9,65,3
05-15-2018 19:57:56.9,12,2
05-15-2018 19:57:56.9,12,6
05-15-2018 19:57:56.9,11,2
05-15-2018 19:57:56.9,11,6
05-15-2018 19:57:56.9,0,3
05-15-2018 19:57:56.9,0,8
05-15-2018 19:57:56.9,1,3
05-15-2018 19:57:56.9,1,8
05-15-2018 19:57:56.9,31,1
05-15-2018 19:57:57.0,49,2
05-15-2018 19:57:57.0,49,6
05-15-2018 19:57:57.0,48,3
05-15-2018 19:57:57.0,48,8
05-15-2018 19:57:57.0,41,2
05-15-2018 19:57:57.0,41,6
05-15-2018 19:57:57.8,82,9
05-15-2018 19:57:58.2,81,9
05-15-2018 19:57:59.6,82,9
05-15-2018 19:57:59.6,82,10
05-15-2018 19:58:00.0,81,9
05-15-2018 19:58:00.0,81,10
05-15-2018 19:58:00.9,3,3
05-15-2018 19:58:02.3,82,9
05-15-2018 19:58:02.8,81,9
05-15-2018 19:58:02.9,3,8
05-15-2018 19:58:04.0,81,3
05-15-2018 19:58:04.0,44,3
05-15-2018 19:58:05.4,46,3
05-15-2018 19:58:06.8,4,3
05-15-2018 19:58:07.5,82,4
05-15-2018 19:58:09.0,81,4
05-15-2018 19:58:09.8,82,9
05-15-2018 19:58:10.3,81,9
05-15-2018 19:58:10.5,81,8
05-15-2018 19:58:10.5,44,8
05-15-2018 19:58:13.3,7,3
05-15-2018 19:58:13.3,7,8
05-15-2018 19:58:13.3,8,3
05-15-2018 19:58:13.3,8,8
05-15-2018 19:58:13.3,4,8
05-15-2018 19:58:14.8,82,9
05-15-2018 19:58:14.9,6,3
05-15-2018 19:58:15.1,81,9
05-15-2018 19:58:16.3,9,3
05-15-2018 19:58:16.3,10,3
05-15-2018 19:58:16.8,9,8
05-15-2018 19:58:16.8,10,8
05-15-2018 19:58:17.3,11,3
05-15-2018 19:58:17.8,12,3
05-15-2018 19:58:17.8,12,8
05-15-2018 19:58:17.8,11,8
05-15-2018 19:58:17.8,0,2
05-15-2018 19:58:17.8,0,6
05-15-2018 19:58:17.8,1,2
05-15-2018 19:58:17.8,1,6
05-15-2018 19:58:17.8,31,1
05-15-2018 19:58:17.9,4,6
05-15-2018 19:58:17.9,48,4
05-15-2018 19:58:17.9,64,1
05-15-2018 19:58:17.9,64,3
05-15-2018 19:58:18.0,4,2
05-15-2018 19:58:19.9,61,1
05-15-2018 19:58:19.9,61,3
05-15-2018 19:58:19.9,32,1
05-15-2018 19:58:19.9,32,5
05-15-2018 19:58:24.5,82,12
05-15-2018 19:58:24.7,81,12
05-15-2018 19:58:25.8,46,8
05-15-2018 19:58:25.9,46,4
05-15-2018 19:58:29.1,82,6
05-15-2018 19:58:29.7,81,6
05-15-2018 19:58:34.5,4,6
05-15-2018 19:58:34.8,82,4
05-15-2018 19:58:36.2,82,10
05-15-2018 19:58:36.4,81,10
05-15-2018 19:58:37.8,3,2
05-15-2018 19:58:37.8,3,6
05-15-2018 19:58:38.1,48,1
05-15-2018 19:58:38.1,48,5
05-15-2018 19:58:40.7,82,9
05-15-2018 19:58:41.1,81,9
05-15-2018 19:58:42.8,2,4
05-15-2018 19:58:42.8,46,1
05-15-2018 19:58:42.8,43,4
05-15-2018 19:58:47.8,46,5
05-15-2018 19:58:49.8,82,10
05-15-2018 19:58:50.1,81,10
05-15-2018 19:58:54.8,82,9
05-15-2018 19:58:55.0,81,9
05-15-2018 19:58:56.9,150,5
05-15-2018 19:58:56.9,48,2
05-15-2018 19:58:56.9,48,6
05-15-2018 19:58:57.0,150,1
05-15-2018 19:58:57.4,82,10
05-15-2018 19:58:57.8,81,10
05-15-2018 19:58:58.4,82,5
05-15-2018 19:58:59.7,82,9
05-15-2018 19:59:00.0,81,9
05-15-2018 19:59:00.4,81,5
05-15-2018 19:59:01.0,82,10
05-15-2018 19:59:01.4,81,10
05-15-2018 19:59:01.9,82,9
05-15-2018 19:59:02.3,81,9
05-15-2018 19:59:03.1,82,10
05-15-2018 19:59:03.4,81,10
05-15-2018 19:59:04.1,82,12
05-15-2018 19:59:04.4,81,12
05-15-2018 19:59:05.2,4,6
05-15-2018 19:59:06.2,82,5
05-15-2018 19:59:07.6,82,10
05-15-2018 19:59:08.0,82,11
05-15-2018 19:59:08.1,81,10
05-15-2018 19:59:08.1,82,12
05-15-2018 19:59:08.3,81,11
05-15-2018 19:59:08.6,81,12
05-15-2018 19:59:09.0,82,6
05-15-2018 19:59:09.6,82,10
05-15-2018 19:59:09.7,81,6
05-15-2018 19:59:09.9,82,11
05-15-2018 19:59:10.0,81,10
05-15-2018 19:59:10.2,81,11
05-15-2018 19:59:11.7,82,9
05-15-2018 19:59:11.8,82,11
05-15-2018 19:59:12.1,81,9
05-15-2018 19:59:12.1,81,11
05-15-2018 19:59:13.1,82,6
05-15-2018 19:59:13.4,82,12
05-15-2018 19:59:13.6,82,11
05-15-2018 19:59:13.8,81,12
05-15-2018 19:59:13.9,81,11
05-15-2018 19:59:14.4,81,6
05-15-2018 19:59:15.5,82,6
05-15-2018 19:59:16.1,82,9
05-15-2018 19:59:16.2,82,12
05-15-2018 19:59:16.3,81,6
05-15-2018 19:59:16.5,81,9
05-15-2018 19:59:16.6,81,12
05-15-2018 19:59:17.4,82,6
05-15-2018 19:59:18.2,81,6
05-15-2018 19:59:19.2,82,6
05-15-2018 19:59:20.7,81,6
05-15-2018 19:59:21.5,82,6
05-15-2018 19:59:22.1,81,6
05-15-2018 19:59:25.4,81,5
05-15-2018 19:59:26.3,82,5
05-15-2018 19:59:29.0,81,5
05-15-2018 19:59:30.5,82,12
05-15-2018 19:59:30.8,81,12
05-15-2018 19:59:32.8,82,9
05-15-2018 19:59:33.0,81,9
05-15-2018 19:59:33.8,4,6
05-15-2018 19:59:35.3,82,6
05-15-2018 19:59:36.0,81,6
05-15-2018 19:59:37.2,82,3
05-15-2018 19:59:37.2,2,3
05-15-2018 19:59:37.2,43,3
05-15-2018 19:59:37.3,82,9
05-15-2018 19:59:37.6,81,9
05-15-2018 19:59:38.5,82,10
05-15-2018 19:59:38.9,81,10
05-15-2018 19:59:39.3,82,9
05-15-2018 19:59:39.6,81,9
05-15-2018 19:59:40.0,82,8
05-15-2018 19:59:40.0,2,8
05-15-2018 19:59:40.0,43,8
05-15-2018 19:59:40.8,4,6
05-15-2018 19:59:41.9,82,12
05-15-2018 19:59:42.0,82,9
05-15-2018 19:59:42.1,81,12
05-15-2018 19:59:42.4,81,9
05-15-2018 19:59:43.7,82,9
05-15-2018 19:59:44.1,81,9
05-15-2018 19:59:45.2,81,8
05-15-2018 19:59:45.2,44,8
05-15-2018 19:59:45.8,82,9
05-15-2018 19:59:45.9,42,6
05-15-2018 19:59:45.9,46,6
05-15-2018 19:59:46.1,81,9
05-15-2018 19:59:46.4,82,6
05-15-2018 19:59:46.6,82,9
05-15-2018 19:59:46.7,82,12
05-15-2018 19:59:47.0,81,6
05-15-2018 19:59:47.1,81,9
05-15-2018 19:59:47.1,81,12
05-15-2018 19:59:48.6,82,11
05-15-2018 19:59:49.1,81,11
05-15-2018 19:59:50.9,151,3
05-15-2018 19:59:50.9,151,8
05-15-2018 19:59:50.9,7,2
05-15-2018 19:59:50.9,7,6
05-15-2018 19:59:50.9,8,2
05-15-2018 19:59:50.9,8,6
05-15-2018 19:59:50.9,42,2
05-15-2018 19:59:50.9,47,3
05-15-2018 19:59:50.9,47,6
05-15-2018 19:59:50.9,47,8
05-15-2018 19:59:50.9,49,3
05-15-2018 19:59:50.9,49,8
05-15-2018 19:59:50.9,63,1
05-15-2018 19:59:50.9,63,3
05-15-2018 19:59:50.9,33,1
05-15-2018 19:59:50.9,33,5
05-15-2018 19:59:51.0,151,1
05-15-2018 19:59:51.0,151,4
05-15-2018 19:59:51.0,151,5
05-15-2018 19:59:51.0,151,7
05-15-2018 19:59:51.0,2,2
05-15-2018 19:59:51.0,2,6
05-15-2018 19:59:51.0,47,1
05-15-2018 19:59:51.0,47,4
05-15-2018 19:59:51.0,47,5
05-15-2018 19:59:51.0,49,1
05-15-2018 19:59:51.0,49,4
05-15-2018 19:59:51.0,49,5
05-15-2018 19:59:52.5,82,6
05-15-2018 19:59:53.2,81,6
05-15-2018 19:59:55.9,9,2
05-15-2018 19:59:55.9,9,6
05-15-2018 19:59:55.9,10,2
05-15-2018 19:59:55.9,10,6
05-15-2018 19:59:55.9,65,1
05-15-2018 19:59:55.9,65,3
05-15-2018 19:59:56.8,82,9
05-15-2018 19:59:56.9,12,2
05-15-2018 19:59:56.9,12,6
05-15-2018 19:59:56.9,11,2
05-15-2018 19:59:56.9,11,6
05-15-2018 19:59:56.9,0,3
05-15-2018 19:59:56.9,0,8
05-15-2018 19:59:56.9,1,3
05-15-2018 19:59:56.9,1,8
05-15-2018 19:59:56.9,31,1
05-15-2018 19:59:57.0,4,8
05-15-2018 19:59:57.0,49,2
05-15-2018 19:59:57.0,49,6
05-15-2018 19:59:57.0,48,3
05-15-2018 19:59:57.0,48,8
05-15-2018 19:59:57.0,41,2
05-15-2018 19:59:57.0,41,6
05-15-2018 19:59:57.1,81,9
05-15-2018 19:59:57.5,82,1
05-15-2018 19:59:57.5,2,1
05-15-2018 19:59:57.5,43,1
